3 0.4609375 0.6453125 0.4640625 0.6515625 0.45625 0.665625 0.4453125 0.665625 0.4453125 0.653125 0.45 0.646875 0.45625 0.64375 0.459375 0.6453125
3 0.428125 0.684375 0.434375 0.684375 0.4375 0.6875 0.4375 0.6953125 0.434375 0.703125 0.4265625 0.7078125 0.421875 0.7078125 0.4171875 0.703125 0.4171875 0.696875 0.4203125 0.690625 0.428125 0.6859375
3 0.5390625 0.509375 0.5390625 0.4984375 0.5421875 0.4953125 0.5484375 0.496875 0.55 0.5046875 0.540625 0.509375
3 0.5921875 0.4078125 0.59375 0.4015625 0.6 0.4 0.603125 0.4046875 0.6015625 0.4078125 0.59375 0.409375
3 0.453125 0.63125 0.0171875 0.02109375
3 0.2796875 0.9078125 0.2828125 0.9109375 0.2828125 0.91875 0.2703125 0.94375 0.2625 0.9421875 0.2609375 0.928125 0.26875 0.9109375 0.2734375 0.9078125 0.278125 0.9078125
3 0.54375 0.4828125 0.54375 0.4921875 0.5359375 0.4953125 0.5328125 0.49375 0.5328125 0.4890625 0.5375 0.4828125 0.5421875 0.4828125
3 0.425 0.6609375 0.4296875 0.6578125 0.4359375 0.659375 0.434375 0.6734375 0.428125 0.6796875 0.4234375 0.6796875 0.4203125 0.671875 0.425 0.6625
3 0.3421875 0.828125 0.346875 0.8265625 0.3515625 0.828125 0.35625 0.8359375 0.35625 0.8421875 0.3453125 0.85625 0.3390625 0.859375 0.33125 0.859375 0.328125 0.85625 0.328125 0.8453125 0.3328125 0.8375 0.3421875 0.8296875
3 0.48125 0.6078125 0.4875 0.615625 0.4859375 0.621875 0.4796875 0.6265625 0.4703125 0.6265625 0.4671875 0.6234375 0.46875 0.615625 0.4765625 0.609375 0.4796875 0.609375
3 0.271875 0.946875 0.2765625 0.9453125 0.2828125 0.9515625 0.2828125 0.9578125 0.2796875 0.9609375 0.275 0.978125 0.2671875 0.9859375 0.2578125 0.9859375 0.253125 0.9765625 0.2578125 0.9609375 0.2640625 0.9578125 0.271875 0.9484375
3 0.38125 0.775 0.384375 0.778125 0.384375 0.7890625 0.38125 0.7953125 0.371875 0.8015625 0.3671875 0.8015625 0.3625 0.796875 0.3625 0.7875 0.3703125 0.778125 0.375 0.775 0.3796875 0.775
3 0.35 0.7921875 0.353125 0.79375 0.353125 0.80625 0.35 0.815625 0.3421875 0.8203125 0.3375 0.81875 0.334375 0.8140625 0.3359375 0.80625 0.3484375 0.79375
3 0.509375 0.528125 0.515625 0.528125 0.5171875 0.53125 0.5125 0.540625 0.503125 0.5421875 0.5015625 0.5375 0.509375 0.5296875
3 0.4109375 0.7 0.4109375 0.7125 0.4046875 0.721875 0.396875 0.721875 0.39375 0.71875 0.39375 0.7109375 0.3984375 0.703125 0.409375 0.7
3 0.3796875 0.74375 0.384375 0.746875 0.384375 0.753125 0.3796875 0.765625 0.375 0.76875 0.3671875 0.76875 0.365625 0.765625 0.3671875 0.753125 0.3703125 0.7484375 0.378125 0.7453125
3 0.5578125 0.4734375 0.5609375 0.4828125 0.559375 0.4859375 0.553125 0.4875 0.55 0.4859375 0.5484375 0.48125 0.55625 0.4734375
3 0.49453125 0.56328125 0.01484375 0.0171875
3 0.4765625 0.5875 0.4828125 0.5875 0.4828125 0.596875 0.4796875 0.603125 0.4703125 0.603125 0.4703125 0.59375 0.4765625 0.5890625
3 0.5296875 0.503125 0.53125 0.5078125 0.5265625 0.515625 0.51875 0.51875 0.5171875 0.5109375 0.521875 0.50625 0.528125 0.5046875
3 0.315625 0.846875 0.31875 0.8484375 0.3203125 0.853125 0.3109375 0.8765625 0.3046875 0.8765625 0.3 0.871875 0.3 0.859375 0.3078125 0.8484375 0.3140625 0.846875
3 0.53125 0.5171875 0.5359375 0.521875 0.5359375 0.5265625 0.5296875 0.5328125 0.521875 0.5328125 0.5203125 0.5296875 0.5234375 0.5203125 0.5296875 0.5171875
3 0.2328125 0.9703125 0.240625 0.96875 0.24375 0.9734375 0.2453125 0.9796875 0.240625 0.99375 0.2359375 0.9984375 0.221875 0.9984375 0.2171875 0.9953125 0.225 0.9828125 0.2265625 0.975 0.2328125 0.971875
3 0.5640625 0.4546875 0.56875 0.4546875 0.5703125 0.4578125 0.5703125 0.4625 0.5640625 0.4671875 0.5609375 0.465625 0.5609375 0.459375 0.5640625 0.45625
3 0.590625 0.4171875 0.5921875 0.4203125 0.590625 0.428125 0.58125 0.4265625 0.58125 0.4203125 0.584375 0.4171875 0.5890625 0.4171875
3 0.4984375 0.5734375 0.5046875 0.5765625 0.503125 0.5890625 0.4984375 0.5921875 0.4921875 0.5921875 0.490625 0.5859375 0.4921875 0.5796875 0.4984375 0.575
3 0.5140625 0.54375 0.5203125 0.54375 0.521875 0.546875 0.521875 0.5546875 0.51875 0.559375 0.509375 0.5609375 0.5078125 0.55 0.5140625 0.5453125
3 0.4046875 0.7265625 0.4109375 0.7296875 0.4109375 0.740625 0.4046875 0.75 0.4 0.753125 0.39375 0.753125 0.390625 0.75 0.390625 0.740625 0.39375 0.734375 0.403125 0.728125
3 0.3140625 0.8859375 0.31875 0.890625 0.31875 0.9015625 0.3109375 0.915625 0.303125 0.91875 0.2953125 0.91875 0.2921875 0.915625 0.2921875 0.9046875 0.2984375 0.8953125 0.3125 0.8859375
3 0.5734375 0.434375 0.578125 0.434375 0.58125 0.4375 0.58125 0.4421875 0.578125 0.4453125 0.5703125 0.4453125 0.5703125 0.4390625 0.5734375 0.4359375