3 0.0578125 0.81796875 0.11484375 0.17578125
3 0.17265625 0.690625 0.18671875 0.16796875
3 0.26640625 0.9203125 0.23359375 0.13984375
3 0.4328125 0.76875 0.22421875 0.17734375
3 0.34609375 0.43203125 0.1796875 0.1859375
3 0.4375 0.2453125 0.11640625 0.16953125
3 0.42734375 0.07578125 0.17578125 0.1515625
3 0.640625 0.84375 0.3234375 0.290625
3 0.5359375 0.534375 0.14765625 0.20234375
3 0.64609375 0.39765625 0.10859375 0.19921875
3 0.69765625 0.203125 0.16640625 0.175
3 0.678125 0.0453125 0.125 0.090625