3 0.3703125 0.76875 0.3828125 0.775 0.3828125 0.7796875 0.371875 0.78125 0.359375 0.7796875 0.35 0.771875 0.3546875 0.76875 0.36875 0.76875
3 0.509375 0.7234375 0.521875 0.728125 0.5234375 0.73125 0.521875 0.734375 0.5171875 0.7359375 0.5 0.7359375 0.49375 0.73125 0.4921875 0.728125 0.49375 0.7234375 0.4984375 0.721875 0.5078125 0.7234375
3 0.5796875 0.6328125 0.5828125 0.63125 0.590625 0.6328125 0.596875 0.6375 0.596875 0.64375 0.5921875 0.646875 0.5859375 0.6453125 0.5796875 0.6390625 0.5796875 0.634375
3 0.546875 0.709375 0.5515625 0.7109375 0.55625 0.7171875 0.55 0.7234375 0.5328125 0.721875 0.5265625 0.7140625 0.5296875 0.7109375 0.5453125 0.709375
3 0.5640625 0.65 0.575 0.65 0.58125 0.653125 0.5859375 0.659375 0.5828125 0.6640625 0.5796875 0.6640625 0.5671875 0.6578125 0.5640625 0.6515625
3 0.3046875 0.7734375 0.3203125 0.7734375 0.3234375 0.7765625 0.3328125 0.778125 0.33125 0.7859375 0.3109375 0.7875 0.3046875 0.775
3 0.0640625 0.83125 0.0671875 0.834375 0.059375 0.840625 0.046875 0.840625 0.04375 0.834375 0.053125 0.8296875 0.0625 0.83125
3 0.40625 0.7625 0.403125 0.75625 0.40625 0.75 0.425 0.7515625 0.4359375 0.759375 0.4359375 0.765625 0.4328125 0.7671875 0.4171875 0.7671875 0.4078125 0.7625
3 0 0.8390625 0.0234375 0.8390625 0.025 0.840625 0.021875 0.8453125 0.015625 0.8484375 0.0015625 0.846875 0 0.840625
3 0.225 0.7953125 0.2328125 0.7984375 0.234375 0.8015625 0.2296875 0.80625 0.221875 0.8078125 0.2125 0.80625 0.2078125 0.796875 0.2234375 0.7953125
3 0.4890625 0.7453125 0.4875 0.753125 0.4828125 0.75625 0.4734375 0.75625 0.4625 0.7484375 0.459375 0.7484375 0.459375 0.7453125 0.4640625 0.7421875 0.484375 0.7421875 0.4875 0.7453125
3 0.09375 0.8296875 0.1234375 0.8296875 0.1265625 0.8328125 0.1265625 0.8375 0.1234375 0.840625 0.1 0.840625 0.09375 0.834375 0.09375 0.83125
3 0.290625 0.7890625 0.3015625 0.796875 0.303125 0.8015625 0.2984375 0.8046875 0.2734375 0.803125 0.2625 0.796875 0.2609375 0.790625 0.2734375 0.7875 0.2890625 0.7890625
3 0.578125 0.6109375 0.584375 0.61875 0.5828125 0.625 0.575 0.625 0.56875 0.621875 0.56875 0.6140625 0.5765625 0.6125
3 0.2875 0.7875 0.3015625 0.7984375 0.3015625 0.803125 0.275 0.803125 0.265625 0.8 0.2609375 0.79375 0.2625 0.790625 0.275 0.7875 0.2859375 0.7875
3 0.4828125 0.7421875 0.496875 0.75 0.4890625 0.7578125 0.4765625 0.7578125 0.459375 0.746875 0.4640625 0.7421875 0.48125 0.7421875
3 0.140625 0.8171875 0.153125 0.815625 0.1625 0.8203125 0.1609375 0.828125 0.1421875 0.828125 0.140625 0.81875
3 0.5921875 0.5953125 0.59375 0.5984375 0.5921875 0.6046875 0.58125 0.603125 0.590625 0.5953125
3 0.5359375 0.6890625 0.5421875 0.684375 0.5578125 0.6890625 0.5625 0.6953125 0.5625 0.6984375 0.5578125 0.7015625 0.5484375 0.7 0.5375 0.690625
3 0.2796875 0 0.309375 0 0.3078125 0.003125 0.296875 0.0078125 0.284375 0.0078125 0.278125 0.0046875 0.2796875 0.0015625
3 0.178125 0.8125 0.2078125 0.8109375 0.2171875 0.8203125 0.2171875 0.8234375 0.2125 0.828125 0.1984375 0.828125 0.184375 0.821875 0.178125 0.8140625
3 0.578125 0.6703125 0.584375 0.671875 0.5921875 0.678125 0.590625 0.684375 0.56875 0.6828125 0.565625 0.6765625 0.5703125 0.671875 0.5765625 0.6703125
4 0.584375 0.5 0.5890625 0.5046875 0.5890625 0.5171875 0.6 0.5265625 0.603125 0.5359375 0.603125 0.5453125 0.609375 0.5578125 0.609375 0.5640625 0.6046875 0.565625 0.6046875 0.5609375 0.596875 0.5453125 0.5953125 0.54375 0.5921875 0.5453125 0.5953125 0.5515625 0.5953125 0.5640625 0.590625 0.5734375 0.590625 0.5875 0.5875 0.6015625 0.584375 0.603125 0.5828125 0.6015625 0.5765625 0.609375 0.58125 0.621875 0.571875 0.6203125 0.5703125 0.5796875 0.565625 0.56875 0.565625 0.5546875 0.5625 0.5453125 0.5625 0.525 0.5671875 0.51875 0.5734375 0.515625 0.5765625 0.5015625 0.5828125 0.5