3 0.171875 0.7875 0.1921875 0.7875 0.1921875 0.790625 0.1828125 0.7921875 0.1765625 0.7921875 0.171875 0.7890625
3 0.53125 0.6828125 0.540625 0.68125 0.54375 0.684375 0.54375 0.6875 0.534375 0.6875 0.53125 0.684375
3 0.359375 0.759375 0.3671875 0.7640625 0.3671875 0.7671875 0.3640625 0.76875 0.3453125 0.765625 0.34375 0.7609375 0.3578125 0.759375
3 0.4421875 0.7390625 0.446875 0.7421875 0.440625 0.746875 0.4328125 0.7453125 0.4296875 0.740625 0.440625 0.7390625
3 0.5421875 0.69765625 0.01796875 0.0109375
3 0.4953125 0.678125 0.4953125 0.68125 0.4828125 0.6796875 0.49375 0.678125
3 0.5484375 0.6734375 0.553125 0.6765625 0.553125 0.6796875 0.55 0.68125 0.54375 0.68125 0.540625 0.6765625 0.5421875 0.6734375 0.546875 0.6734375
3 0.509375 0.7171875 0.5203125 0.715625 0.525 0.71875 0.5234375 0.7234375 0.5125 0.7234375 0.509375 0.71875
3 0.2734375 0.778125 0.0140625 0.0078125
3 0.290625 0.7734375 0.3109375 0.771875 0.309375 0.7765625 0.3 0.778125 0.290625 0.775
3 0.36875 0.7515625 0.378125 0.7515625 0.3859375 0.7546875 0.3859375 0.759375 0.3734375 0.7609375 0.36875 0.753125
3 0.0296875 0.796875 0.0515625 0.796875 0.0515625 0.8 0.0484375 0.8015625 0.0359375 0.8015625 0.0296875 0.7984375
3 0.5390625 0.66796875 0.009375 0.00859375
3 0.546875 0.653125 0.55 0.6546875 0.55 0.6578125 0.54375 0.6578125 0.5453125 0.6546875
3 0.46875 0.734375 0.484375 0.734375 0.4859375 0.7359375 0.4828125 0.7421875 0.475 0.7421875 0.46875 0.7390625 0.46875 0.7359375
3 0.30625 0.771875 0.3109375 0.7734375 0.3078125 0.78125 0.296875 0.7796875 0.2921875 0.7765625 0.2921875 0.7734375 0.3046875 0.771875
3 0.1109375 0.79453125 0.02109375 0.0078125
3 0.3203125 0.7640625 0.321875 0.765625 0.3171875 0.7703125 0.3140625 0.7703125 0.3109375 0.7640625 0.3125 0.7625 0.31875 0.7640625
3 0.55625 0.678125 0.5578125 0.6796875 0.5484375 0.6859375 0.5421875 0.6828125 0.5421875 0.678125 0.546875 0.675 0.5546875 0.678125
3 0.2375 0.7828125 0.2578125 0.7828125 0.2578125 0.7859375 0.2515625 0.7890625 0.2421875 0.7890625 0.2375 0.784375
3 0.075 0.790625 0.0796875 0.79375 0.078125 0.796875 0.0640625 0.796875 0.0625 0.79375 0.0640625 0.7921875 0.0734375 0.790625
3 0.21875 0.784375 0.2140625 0.7890625 0.20625 0.7875 0.209375 0.784375 0.2171875 0.784375
3 0.515625 0.703125 0.5234375 0.703125 0.5296875 0.70625 0.5296875 0.709375 0.521875 0.7109375 0.515625 0.7046875
3 0.171875 0.7890625 0.1734375 0.7875 0.19375 0.7875 0.19375 0.790625 0.1890625 0.7921875 0.1734375 0.790625
3 0 0.8 0.0140625 0.8 0.01875 0.803125 0.0171875 0.8078125 0.003125 0.8078125 0 0.80625 0 0.8015625
3 0.553125 0.675 0.55625 0.6796875 0.546875 0.6828125 0.540625 0.6796875 0.540625 0.675 0.5421875 0.6734375 0.5515625 0.675
3 0.496875 0.7234375 0.5046875 0.7265625 0.50625 0.728125 0.5046875 0.73125 0.4890625 0.7296875 0.4875 0.7265625 0.490625 0.7234375 0.4953125 0.7234375
3 0.503125 0.725 0.50625 0.7265625 0.5046875 0.73125 0.490625 0.73125 0.4875 0.734375 0.4875 0.740625 0.4828125 0.7421875 0.4703125 0.740625 0.4671875 0.7375 0.46875 0.734375 0.4859375 0.7328125 0.4875 0.73125 0.4859375 0.7265625 0.4890625 0.7234375 0.5015625 0.725
3 0.4125 0.7484375 0.41875 0.7515625 0.4171875 0.75625 0.4046875 0.75625 0.3984375 0.7515625 0.403125 0.7484375 0.4109375 0.7484375
3 0.1546875 0.7890625 0.15625 0.790625 0.1515625 0.79375 0.140625 0.79375 0.1375 0.790625 0.14375 0.7875 0.153125 0.7890625
3 0.4328125 0.7453125 0.43125 0.7421875 0.4328125 0.7390625 0.44375 0.7390625 0.453125 0.7453125 0.4484375 0.7484375 0.440625 0.7484375 0.434375 0.7453125
3 0.5328125 0.6828125 0.5375 0.6828125 0.546875 0.6875 0.546875 0.690625 0.5375 0.690625 0.5328125 0.6875 0.5328125 0.684375
3 0.54375 0.6875 0.5484375 0.6890625 0.55 0.6921875 0.5453125 0.696875 0.5328125 0.7 0.53125 0.696875 0.5328125 0.6921875 0.5375 0.6890625 0.5421875 0.6890625
3 0.54375 0.665625 0.015625 0.0171875
4 0.5390625 0.6015625 0.54375 0.6015625 0.546875 0.6046875 0.546875 0.609375 0.5515625 0.6125 0.559375 0.6328125 0.5578125 0.6359375 0.5546875 0.63125 0.55 0.634375 0.546875 0.64375 0.5484375 0.6546875 0.5421875 0.6578125 0.5375 0.665625 0.5359375 0.64375 0.5328125 0.6375 0.53125 0.625 0.53125 0.6125 0.5390625 0.60625 0.5390625 0.603125