3 0.3765625 0.7671875 0.3875 0.7671875 0.3875 0.7703125 0.384375 0.771875 0.3796875 0.771875 0.3765625 0.76875
3 0.3453125 0.721875 0.0125 0.01484375
3 0.5515625 0.7921875 0.5578125 0.7953125 0.55625 0.7984375 0.54375 0.796875 0.5453125 0.7921875 0.55 0.7921875
3 0.3484375 0.7265625 0.359375 0.7359375 0.359375 0.7390625 0.3546875 0.740625 0.3453125 0.7375 0.346875 0.728125
3 0.4625 0.753125 0.4734375 0.7546875 0.471875 0.75625 0.4625 0.7546875
3 0.4296875 0.7296875 0.4390625 0.73125 0.4375 0.734375 0.4328125 0.734375 0.4296875 0.73125
3 0.659375 0.8375 0.6609375 0.8359375 0.678125 0.8375 0.6859375 0.8421875 0.69375 0.8421875 0.7 0.8453125 0.703125 0.8484375 0.6921875 0.85 0.6609375 0.8390625
3 0.47109375 0.76640625 0.0125 0.00546875
3 0.859375 0.9015625 0.865625 0.9046875 0.86875 0.9109375 0.853125 0.9109375 0.84375 0.9078125 0.840625 0.9046875 0.84375 0.9015625 0.8578125 0.9015625
3 0.5640625 0.809375 0.578125 0.8109375 0.578125 0.8140625 0.56875 0.8140625 0.5640625 0.8109375
3 0.8046875 0.890625 0.8265625 0.8921875 0.840625 0.9 0.840625 0.9015625 0.83125 0.9015625 0.8234375 0.8984375 0.8125 0.8984375 0.80625 0.8953125 0.8046875 0.8921875
3 0.3890625 0.7140625 0.3953125 0.7171875 0.39375 0.71875 0.3890625 0.715625
3 0.4046875 0.784375 0.409375 0.7875 0.40625 0.790625 0.396875 0.790625 0.390625 0.7859375 0.403125 0.784375
3 0.3625 0.728125 0.365625 0.73125 0.3578125 0.73125 0.3609375 0.728125
3 0.4265625 0.8125 0.4296875 0.815625 0.4265625 0.8203125 0.4140625 0.81875 0.4140625 0.8140625 0.421875 0.8109375 0.425 0.8125
3 0.3546875 0.759375 0.3640625 0.7578125 0.3671875 0.759375 0.3671875 0.7625 0.3546875 0.7625 0.3546875 0.7609375
3 0.33125 0.6953125 0.3390625 0.7046875 0.3390625 0.7078125 0.3296875 0.7078125 0.3265625 0.7046875 0.321875 0.696875 0.3296875 0.6953125
3 0.81875 0.890625 0.828125 0.8921875 0.8421875 0.9 0.859375 0.9015625 0.865625 0.9046875 0.86875 0.9109375 0.853125 0.9109375 0.8375 0.90625 0.8265625 0.9 0.8140625 0.8984375 0.8046875 0.8921875 0.8171875 0.890625
3 0.53125 0.790625 0.553125 0.7921875 0.5578125 0.7953125 0.55625 0.7984375 0.5515625 0.7984375 0.53125 0.7921875
3 0.3515625 0.7125 0.359375 0.7203125 0.359375 0.7265625 0.3484375 0.7265625 0.35 0.7203125 0.3453125 0.7171875 0.3453125 0.7125 0.346875 0.7109375 0.35 0.7125
3 0.36875 0.7921875 0.378125 0.796875 0.3734375 0.8 0.3671875 0.8 0.3609375 0.796875 0.3625 0.79375 0.3671875 0.7921875
3 0.36875 0.709375 0.378125 0.7109375 0.378125 0.7140625 0.375 0.715625 0.36875 0.715625 0.3671875 0.7125 0.36875 0.7109375
3 0.3671875 0.7515625 0.3796875 0.753125 0.3796875 0.7546875 0.371875 0.75625 0.36875 0.75625 0.3671875 0.753125
3 0.9359375 0.9234375 0.9453125 0.928125 0.953125 0.928125 0.965625 0.9375 0.99375 0.9390625 0.9984375 0.9421875 0.9984375 0.9515625 0.978125 0.9453125 0.971875 0.9453125 0.9578125 0.9359375 0.9453125 0.9359375 0.9328125 0.9328125 0.9265625 0.928125 0.9265625 0.925 0.934375 0.9234375
3 0.765625 0.8640625 0.7796875 0.8640625 0.7859375 0.8671875 0.7859375 0.871875 0.7734375 0.871875 0.76875 0.8703125 0.765625 0.865625
3 0.5609375 0.8046875 0.5765625 0.809375 0.578125 0.8140625 0.5640625 0.8125 0.5546875 0.8078125 0.559375 0.8046875
3 0.396875 0.928125 0.3984375 0.921875 0.403125 0.91875 0.4234375 0.91875 0.425 0.925 0.4171875 0.928125 0.3984375 0.928125
3 0.3609375 0.740625 0.3640625 0.7390625 0.371875 0.740625 0.36875 0.74375 0.3609375 0.7421875
3 0.3484375 0.7234375 0.3578125 0.728125 0.3578125 0.7359375 0.3515625 0.7359375 0.346875 0.73125 0.3484375 0.725
3 0.390625 0.803125 0.39375 0.8 0.415625 0.8015625 0.4203125 0.803125 0.4203125 0.8078125 0.403125 0.8078125 0.3921875 0.803125
3 0.3390625 0.7015625 0.34375 0.70625 0.34375 0.7125 0.340625 0.715625 0.334375 0.7140625 0.328125 0.7046875 0.33125 0.7 0.3375 0.7015625
3 0.753125 0.8578125 0.7546875 0.8625 0.740625 0.8625 0.734375 0.859375 0.7359375 0.85625 0.7515625 0.8578125
3 0.325 0.6984375 0.3296875 0.7 0.334375 0.70625 0.334375 0.7109375 0.33125 0.7109375 0.3265625 0.70625 0.325 0.7
3 0.35 0.746875 0.3546875 0.7453125 0.3609375 0.746875 0.359375 0.75 0.35 0.7484375
3 0.44375 0.734375 0.45 0.7375 0.45625 0.7375 0.45625 0.7421875 0.45 0.7421875 0.4453125 0.740625 0.44375 0.7359375
3 0.3484375 0.7140625 0.353125 0.71875 0.3515625 0.7296875 0.346875 0.7296875 0.346875 0.7234375 0.340625 0.7171875 0.346875 0.7140625
3 0.60625 0.8171875 0.625 0.81875 0.6375 0.8234375 0.6375 0.8265625 0.621875 0.8265625 0.6078125 0.81875
3 0.9359375 0.9234375 0.9453125 0.928125 0.953125 0.928125 0.9609375 0.9359375 0.9453125 0.9359375 0.9328125 0.9328125 0.9265625 0.9265625 0.9296875 0.9234375 0.934375 0.9234375
3 0.37421875 0.7109375 0.0125 0.0109375
3 0.446875 0.7390625 0.453125 0.740625 0.4546875 0.7453125 0.44375 0.74375 0.4421875 0.740625 0.4453125 0.7390625
3 0.3625 0.775 0.3765625 0.775 0.3734375 0.7796875 0.3625 0.7796875 0.3625 0.7765625
3 0.984375 0.9375 0.9984375 0.9421875 0.9984375 0.9515625 0.9734375 0.9453125 0.9671875 0.9390625 0.9828125 0.9375
3 0.4859375 0.7734375 0.4984375 0.7734375 0.4984375 0.7765625 0.4875 0.775
3 0.453125 0.9796875 0.4625 0.9921875 0.4703125 0.9953125 0.4703125 0.9984375 0.428125 0.9984375 0.4265625 0.9890625 0.428125 0.98125 0.4515625 0.9796875
3 0.325 0.6984375 0.3296875 0.7 0.3359375 0.7078125 0.3328125 0.7125 0.3265625 0.70625 0.325 0.7
3 0.4015625 0.71875 0.4109375 0.71875 0.4109375 0.7234375 0.4015625 0.7203125
3 0.328125 0.7046875 0.3359375 0.709375 0.334375 0.7125 0.33125 0.7125 0.328125 0.70625
3 0.634375 0.821875 0.6375 0.8234375 0.6375 0.8265625 0.6203125 0.825 0.6234375 0.8203125 0.6328125 0.821875
3 0.41875 0.7234375 0.428125 0.7265625 0.425 0.728125 0.41875 0.725
3 0.4359375 0.8828125 0.4484375 0.890625 0.446875 0.89375 0.4390625 0.896875 0.4296875 0.8953125 0.4140625 0.884375 0.415625 0.8796875 0.421875 0.878125 0.4296875 0.878125 0.434375 0.8828125
3 0.4390625 0.8296875 0.446875 0.8359375 0.4421875 0.840625 0.434375 0.840625 0.4265625 0.8359375 0.4296875 0.8296875 0.4375 0.8296875
3 0.3453125 0.715625 0.35 0.7171875 0.346875 0.71875 0.34375 0.7171875
3 0.490625 0.7828125 0.5046875 0.7828125 0.5078125 0.7859375 0.50625 0.7875 0.4953125 0.7875 0.4921875 0.784375
3 0.53125 0.790625 0.54375 0.7921875 0.54375 0.79375 0.53125 0.7921875
3 0.60625 0.8171875 0.6203125 0.81875 0.61875 0.821875 0.6125 0.821875 0.60625 0.81875
3 0.4640625 0.746875 0.475 0.7484375 0.4734375 0.75 0.4640625 0.75 0.4640625 0.7484375
3 0.478125 0.7578125 0.4890625 0.759375 0.490625 0.7625 0.4796875 0.7625 0.478125 0.759375
3 0.4140625 0.853125 0.415625 0.85625 0.409375 0.8625 0.3953125 0.8625 0.3921875 0.859375 0.3921875 0.8546875 0.4125 0.853125
3 0.4359375 0.884375 0.4484375 0.890625 0.446875 0.89375 0.440625 0.896875 0.43125 0.896875 0.421875 0.890625 0.4234375 0.8875 0.434375 0.884375
3 0.409375 0.928125 0.4203125 0.9359375 0.4078125 0.9453125 0.396875 0.9453125 0.390625 0.9390625 0.390625 0.934375 0.39375 0.93125 0.4 0.928125 0.4078125 0.928125
3 0.378125 0.703125 0.38125 0.7078125 0.3765625 0.709375 0.375 0.7078125 0.3765625 0.7046875
3 0.7625 0.8640625 0.7796875 0.8640625 0.784375 0.865625 0.7875 0.8703125 0.7734375 0.871875 0.7625 0.865625