3 0.4953125 0.1671875 0.4984375 0.1671875 0.4984375 0.1765625 0.496875 0.1796875 0.4921875 0.1796875 0.490625 0.1765625 0.4953125 0.16875
3 0.5 0.4921875 0.515625 0.4921875 0.521875 0.5046875 0.525 0.50625 0.5234375 0.5140625 0.515625 0.515625 0.5140625 0.51875 0.503125 0.51875 0.5015625 0.515625 0.49375 0.515625 0.4921875 0.5140625 0.49375 0.4984375 0.4953125 0.4953125 0.5 0.49375
3 0.475 0.1859375 0.478125 0.1859375 0.4765625 0.19375 0.471875 0.19375 0.471875 0.1890625 0.475 0.1875
3 0.5296875 0.45 0.5328125 0.4515625 0.5328125 0.459375 0.5265625 0.465625 0.51875 0.465625 0.5171875 0.4625 0.5140625 0.4625 0.509375 0.45625 0.509375 0.4515625 0.5109375 0.45 0.528125 0.45
3 0.421875 0.246875 0.428125 0.2515625 0.4265625 0.2578125 0.428125 0.2625 0.41875 0.2625 0.415625 0.2546875 0.421875 0.2484375
3 0.4953125 0.184375 0.496875 0.1859375 0.4953125 0.19375 0.490625 0.19375 0.4875 0.190625 0.4890625 0.1859375 0.49375 0.184375
3 0.41875 0.25 0.4296875 0.2515625 0.4296875 0.25625 0.41875 0.25625 0.41875 0.2515625
3 0.478125 0.1921875 0.484375 0.1953125 0.4859375 0.1984375 0.4859375 0.2015625 0.4796875 0.2015625 0.478125 0.19375
3 0.4640625 0.2 0.4671875 0.2 0.46875 0.203125 0.46875 0.2078125 0.4609375 0.2078125 0.4609375 0.203125 0.4640625 0.2015625
3 0.4171875 0.24375 0.4234375 0.24375 0.425 0.246875 0.421875 0.2515625 0.425 0.25625 0.415625 0.25625 0.4171875 0.2453125
3 0.4984375 0.178125 0.503125 0.178125 0.5015625 0.184375 0.4984375 0.184375 0.4984375 0.1796875
3 0.4234375 0.2265625 0.4265625 0.2265625 0.4296875 0.2328125 0.428125 0.2390625 0.41875 0.2390625 0.415625 0.2328125 0.4171875 0.2296875 0.4234375 0.228125
3 0.4953125 0.3515625 0.5078125 0.35 0.5125 0.3515625 0.5140625 0.3546875 0.5078125 0.3625 0.5015625 0.3625 0.4953125 0.35625 0.4953125 0.353125
3 0.6125 0.8609375 0.6171875 0.8609375 0.628125 0.871875 0.6375 0.871875 0.6390625 0.875 0.646875 0.871875 0.646875 0.8875 0.6515625 0.896875 0.659375 0.9 0.6765625 0.9171875 0.68125 0.9265625 0.68125 0.9328125 0.6890625 0.9546875 0.6890625 0.9765625 0.678125 0.996875 0.634375 0.9984375 0.628125 0.996875 0.6125 0.9765625 0.6078125 0.9765625 0.60625 0.9796875 0.6 0.9796875 0.5984375 0.971875 0.5953125 0.96875 0.6015625 0.9671875 0.5984375 0.965625 0.5984375 0.9515625 0.5953125 0.9484375 0.59375 0.9375 0.590625 0.9328125 0.590625 0.903125 0.5984375 0.875 0.6125 0.8625
3 0.41875 0.2234375 0.4265625 0.2234375 0.425 0.23125 0.4171875 0.23125 0.41875 0.225
3 0.4890625 0.1859375 0.4953125 0.1890625 0.49375 0.19375 0.4875 0.1984375 0.4859375 0.1890625 0.4890625 0.1875
3 0.4328125 0.215625 0.440625 0.215625 0.4390625 0.221875 0.434375 0.221875 0.4328125 0.2171875
3 0.4171875 0.2515625 0.4265625 0.2515625 0.4296875 0.2609375 0.4296875 0.265625 0.428125 0.2625 0.4171875 0.2625 0.415625 0.25625 0.4171875 0.253125
3 0.484375 0.1890625 0.4859375 0.19375 0.4890625 0.1953125 0.4875 0.2015625 0.4828125 0.2015625 0.4796875 0.1921875 0.484375 0.190625
3 0.4921875 0.178125 0.5 0.178125 0.496875 0.190625 0.49375 0.190625 0.4921875 0.1875 0.4921875 0.1796875
3 0.4921875 0.1640625 0.4984375 0.1640625 0.5 0.1671875 0.5 0.1765625 0.496875 0.1765625 0.4953125 0.1796875 0.4921875 0.1765625 0.4921875 0.165625
3 0.5171875 0.446875 0.5203125 0.446875 0.521875 0.45 0.5328125 0.4515625 0.5375 0.4578125 0.54375 0.4609375 0.5421875 0.4671875 0.5296875 0.4671875 0.528125 0.4703125 0.51875 0.4703125 0.5171875 0.4671875 0.5125 0.465625 0.5125 0.4609375 0.509375 0.45625 0.509375 0.4515625 0.5171875 0.4484375
3 0.4890625 0.1859375 0.4921875 0.1890625 0.4921875 0.19375 0.4890625 0.1953125 0.4890625 0.1984375 0.484375 0.1984375 0.484375 0.1921875 0.4890625 0.1875
3 0.4171875 0.2234375 0.4265625 0.2234375 0.4265625 0.228125 0.4234375 0.2328125 0.4125 0.23125 0.4140625 0.2265625 0.4171875 0.225
3 0.4734375 0.1859375 0.478125 0.1859375 0.475 0.196875 0.4703125 0.196875 0.4703125 0.1921875 0.4734375 0.1875
3 0.471875 0.1921875 0.4765625 0.1921875 0.475 0.1984375 0.4703125 0.196875 0.471875 0.19375
3 0.475 0.3296875 0.4875 0.3296875 0.4921875 0.334375 0.490625 0.3390625 0.48125 0.3390625 0.4796875 0.3421875 0.475 0.3421875 0.4734375 0.3390625 0.4671875 0.3390625 0.46875 0.334375 0.475 0.33125
3 0.409375 0.234375 0.4140625 0.2328125 0.4234375 0.234375 0.4234375 0.2421875 0.4125 0.2421875 0.409375 0.2359375
3 0.4953125 0.1609375 0.4984375 0.1640625 0.4984375 0.1765625 0.490625 0.1765625 0.4921875 0.1640625 0.4953125 0.1625
3 0.496875 0.175 0.503125 0.178125 0.503125 0.1828125 0.4984375 0.184375 0.496875 0.1765625
3 0.525 0.7265625 0.5390625 0.7265625 0.540625 0.7296875 0.54375 0.7296875 0.55 0.740625 0.553125 0.740625 0.5546875 0.74375 0.559375 0.74375 0.5609375 0.746875 0.565625 0.746875 0.56875 0.7515625 0.5703125 0.765625 0.5796875 0.784375 0.578125 0.7984375 0.5671875 0.8140625 0.559375 0.815625 0.5578125 0.81875 0.5453125 0.81875 0.54375 0.821875 0.5359375 0.821875 0.534375 0.825 0.5296875 0.825 0.5171875 0.8109375 0.5125 0.8109375 0.5109375 0.8078125 0.50625 0.8078125 0.5046875 0.8046875 0.5015625 0.8046875 0.5 0.8 0.4921875 0.79375 0.4890625 0.7875 0.4875 0.775 0.490625 0.7609375 0.5 0.7484375 0.5015625 0.740625 0.5078125 0.734375 0.5171875 0.7328125 0.51875 0.7296875 0.525 0.728125
3 0.446875 0.2671875 0.4515625 0.26875 0.453125 0.2734375 0.45 0.2734375 0.4484375 0.2765625 0.440625 0.2765625 0.4390625 0.2734375 0.440625 0.26875 0.4453125 0.26875
3 0.4578125 0.2859375 0.4609375 0.284375 0.475 0.2859375 0.4734375 0.290625 0.46875 0.290625 0.4671875 0.29375 0.459375 0.29375 0.4578125 0.2875
3 0.4859375 0.3890625 0.5 0.3890625 0.50625 0.3984375 0.5046875 0.4015625 0.5 0.4015625 0.4984375 0.4046875 0.48125 0.4046875 0.4796875 0.3953125 0.48125 0.3921875 0.4859375 0.390625
3 0.4921875 0.1640625 0.4984375 0.1640625 0.4984375 0.1765625 0.49375 0.1765625 0.4921875 0.165625
3 0.4828125 0.18125 0.4890625 0.18125 0.4890625 0.1875 0.48125 0.1875 0.4828125 0.1828125
3 0.421875 0.24375 0.4296875 0.24375 0.434375 0.25 0.43125 0.25625 0.421875 0.25625 0.41875 0.253125 0.421875 0.2453125
3 0.434375 0.28125 0.440625 0.28125 0.4421875 0.284375 0.4421875 0.2875 0.4390625 0.2875 0.4375 0.290625 0.43125 0.290625 0.4296875 0.2859375 0.434375 0.2828125
3 0.4703125 0.1609375 0.475 0.1640625 0.4734375 0.1703125 0.46875 0.1703125 0.4671875 0.1640625 0.4703125 0.1625
3 0.4484375 0.3078125 0.4484375 0.303125 0.4515625 0.2984375 0.4625 0.2984375 0.465625 0.3 0.465625 0.3046875 0.4609375 0.3046875 0.459375 0.3078125 0.45 0.3078125
3 0.484375 0.18125 0.4921875 0.18125 0.490625 0.190625 0.4859375 0.190625 0.4828125 0.1875 0.48125 0.184375 0.484375 0.1828125
3 0.4109375 0.234375 0.4140625 0.2328125 0.4265625 0.234375 0.425 0.2421875 0.421875 0.2453125 0.4140625 0.2421875 0.4109375 0.2359375
3 0.475 0.1921875 0.48125 0.1921875 0.484375 0.1984375 0.4765625 0.1984375 0.475 0.19375
3 0.49375 0.1609375 0.4984375 0.1609375 0.4984375 0.1734375 0.490625 0.1734375 0.490625 0.1640625 0.49375 0.1625
3 0.4921875 0.175 0.4984375 0.175 0.4953125 0.1875 0.490625 0.1875 0.4890625 0.184375 0.4921875 0.1765625
3 0.53125 0.409375 0.5328125 0.4125 0.540625 0.4125 0.5453125 0.4171875 0.553125 0.4171875 0.553125 0.425 0.55 0.425 0.5484375 0.428125 0.5265625 0.428125 0.525 0.425 0.521875 0.425 0.5203125 0.4171875 0.5234375 0.4125 0.53125 0.4109375
3 0.4921875 0.1640625 0.4984375 0.1640625 0.4984375 0.1765625 0.4953125 0.1796875 0.490625 0.1796875 0.4890625 0.1765625 0.4921875 0.165625
3 0.4921875 0.1640625 0.4984375 0.1640625 0.4984375 0.1765625 0.4921875 0.1765625 0.490625 0.1734375 0.4921875 0.165625
3 0.4296875 0.2171875 0.4359375 0.2171875 0.4375 0.2203125 0.434375 0.2234375 0.434375 0.23125 0.4296875 0.2359375 0.428125 0.2328125 0.4296875 0.21875
3 0.478125 0.184375 0.48125 0.1921875 0.4796875 0.196875 0.4734375 0.196875 0.471875 0.19375 0.4765625 0.1859375
3 0.425 0.2640625 0.4296875 0.2671875 0.4296875 0.2703125 0.425 0.2703125 0.4234375 0.2734375 0.4171875 0.2703125 0.41875 0.2671875 0.425 0.265625
3 0.9453125 0.2328125 0.95 0.2375 0.95 0.2421875 0.946875 0.2453125 0.940625 0.2453125 0.9390625 0.2421875 0.9390625 0.234375 0.94375 0.2328125
3 0.496875 0.178125 0.5015625 0.178125 0.4984375 0.190625 0.4953125 0.190625 0.496875 0.1796875
3 0.4140625 0.2296875 0.41875 0.2296875 0.4203125 0.2328125 0.4234375 0.2328125 0.421875 0.2390625 0.4078125 0.2390625 0.4078125 0.234375 0.4140625 0.23125
3 0.490625 0.175 0.4984375 0.175 0.4953125 0.1875 0.4890625 0.184375 0.490625 0.1765625
3 0.4921875 0.171875 0.496875 0.171875 0.4984375 0.175 0.4953125 0.1828125 0.4890625 0.1828125 0.4890625 0.178125 0.4921875 0.1734375
3 0.4921875 0.1609375 0.4984375 0.1609375 0.5 0.1671875 0.4984375 0.1765625 0.49375 0.1765625 0.490625 0.1734375 0.4921875 0.1625
3 0.4921875 0.178125 0.4984375 0.178125 0.4953125 0.19375 0.4890625 0.190625 0.4921875 0.1796875
3 0.4328125 0.2546875 0.44375 0.2546875 0.4453125 0.2578125 0.44375 0.2625 0.4328125 0.2625 0.43125 0.259375 0.4328125 0.25625
3 0.4984375 0.18125 0.4984375 0.19375 0.4921875 0.19375 0.49375 0.1859375 0.4984375 0.1828125
3 0.5296875 0.6125 0.5421875 0.6125 0.54375 0.615625 0.546875 0.615625 0.5515625 0.6203125 0.553125 0.628125 0.5578125 0.6359375 0.5625 0.640625 0.56875 0.640625 0.5703125 0.64375 0.565625 0.653125 0.559375 0.65625 0.5578125 0.659375 0.553125 0.659375 0.5515625 0.6625 0.5359375 0.6625 0.534375 0.665625 0.5265625 0.665625 0.525 0.6625 0.521875 0.6625 0.5203125 0.6578125 0.515625 0.653125 0.5125 0.653125 0.5109375 0.64375 0.515625 0.6390625 0.5171875 0.6203125 0.5296875 0.6140625
3 0.475 0.1859375 0.4765625 0.1875 0.471875 0.19375 0.471875 0.1890625 0.475 0.1875
3 0.45 0.20625 0.45625 0.209375 0.4546875 0.2140625 0.446875 0.2140625 0.446875 0.209375 0.45 0.2078125
3 0.4953125 0.1609375 0.4984375 0.1640625 0.4984375 0.1765625 0.49375 0.1765625 0.490625 0.1734375 0.4921875 0.1640625 0.4953125 0.1625
3 0.409375 0.234375 0.421875 0.234375 0.421875 0.2453125 0.4140625 0.2453125 0.409375 0.2359375
3 0.4875 0.1859375 0.4921875 0.184375 0.496875 0.1859375 0.496875 0.19375 0.4921875 0.19375 0.490625 0.196875 0.4875 0.196875 0.4859375 0.190625 0.4875 0.1875
3 0.4890625 0.1859375 0.490625 0.1890625 0.49375 0.1890625 0.4890625 0.1984375 0.4859375 0.1984375 0.4859375 0.1890625 0.4890625 0.1875
3 0.4859375 0.18125 0.4890625 0.1859375 0.4859375 0.196875 0.4796875 0.190625 0.4796875 0.1859375 0.4859375 0.1828125
3 0.4859375 0.30625 0.496875 0.30625 0.503125 0.3125 0.5015625 0.315625 0.484375 0.315625 0.4828125 0.309375 0.4859375 0.3078125
3 0.4921875 0.178125 0.4953125 0.18125 0.4953125 0.190625 0.4921875 0.19375 0.490625 0.190625 0.4859375 0.190625 0.4859375 0.184375 0.4921875 0.1796875
3 0.4765625 0.1921875 0.48125 0.1921875 0.4859375 0.1984375 0.484375 0.2015625 0.4796875 0.2015625 0.475 0.196875 0.4765625 0.19375
3 0.4203125 0.234375 0.4265625 0.240625 0.4265625 0.2484375 0.4171875 0.2484375 0.415625 0.240625 0.4203125 0.2359375
3 0.496875 0.3515625 0.5078125 0.35 0.5140625 0.3515625 0.515625 0.3546875 0.5203125 0.3546875 0.521875 0.3578125 0.5203125 0.3625 0.5125 0.3625 0.5109375 0.365625 0.509375 0.3625 0.5 0.3625 0.496875 0.353125
3 0.4859375 0.190625 0.4875 0.184375 0.4953125 0.1859375 0.49375 0.19375 0.4875 0.190625
3 0.4109375 0.234375 0.4140625 0.2328125 0.4265625 0.234375 0.425 0.2421875 0.415625 0.2421875 0.4140625 0.2390625 0.4109375 0.2390625 0.4109375 0.2359375
3 0.4703125 0.190625 0.4734375 0.184375 0.475 0.184375 0.475 0.190625 0.471875 0.190625
3 0.4921875 0.16875 0.4953125 0.171875 0.4953125 0.1765625 0.4921875 0.178125 0.490625 0.1828125 0.48125 0.184375 0.48125 0.18125 0.484375 0.18125 0.4890625 0.1765625 0.4890625 0.171875 0.4921875 0.1703125
3 0.421875 0.24375 0.425 0.246875 0.425 0.253125 0.428125 0.2546875 0.425 0.2578125 0.428125 0.2625 0.41875 0.2625 0.41875 0.2578125 0.415625 0.2546875 0.421875 0.2453125
3 0.553125 0.534375 0.5578125 0.5328125 0.578125 0.534375 0.584375 0.546875 0.5890625 0.546875 0.590625 0.55 0.5984375 0.55 0.59375 0.559375 0.5875 0.5625 0.5859375 0.565625 0.56875 0.565625 0.5671875 0.5625 0.5609375 0.5625 0.5578125 0.559375 0.5578125 0.55 0.553125 0.5453125 0.553125 0.5359375