4 0.5015625 0.3515625 0.5046875 0.35 0.50625 0.3453125 0.5046875 0.3359375 0.5078125 0.33125 0.5109375 0.3328125 0.51875 0.3828125 0.51875 0.390625 0.5140625 0.3953125 0.5125 0.4234375 0.5078125 0.43125 0.5078125 0.4359375 0.503125 0.434375 0.5046875 0.4109375 0.5015625 0.3984375 0.5015625 0.3875 0.4984375 0.3828125 0.4984375 0.3671875 0.5015625 0.353125
3 0.240625 0.8234375 0.2421875 0.825 0.240625 0.84375 0.2328125 0.8546875 0.2203125 0.8609375 0.21875 0.853125 0.2265625 0.8421875 0.2265625 0.8375 0.23125 0.8296875 0.2390625 0.825
3 0.49765625 0.5421875 0.00859375 0.0140625
3 0.5 0.56484375 0.01015625 0.015625
3 0.4875 0.621875 0.4875 0.6125 0.4953125 0.60625 0.4984375 0.6078125 0.4984375 0.6125 0.49375 0.6203125 0.4890625 0.621875
3 0.365625 0.7765625 0.3703125 0.7796875 0.3734375 0.7875 0.3734375 0.80625 0.36875 0.815625 0.3625 0.821875 0.359375 0.8234375 0.35625 0.821875 0.35625 0.8109375 0.3609375 0.8 0.3609375 0.7921875 0.359375 0.790625 0.35625 0.7953125 0.3546875 0.78125 0.35625 0.778125 0.3578125 0.7796875 0.3640625 0.778125
3 0.08125 0.8828125 0.084375 0.88125 0.0875 0.875 0.096875 0.8734375 0.1 0.8859375 0.1 0.89375 0.090625 0.9015625 0.0734375 0.9046875 0.075 0.89375 0.08125 0.884375
3 0.4296875 0.728125 0.4375 0.7265625 0.4390625 0.7296875 0.4390625 0.734375 0.4296875 0.7484375 0.425 0.746875 0.425 0.7390625 0.4296875 0.7296875
3 0.20625 0.84375 0.2140625 0.8359375 0.21875 0.8359375 0.2171875 0.853125 0.2046875 0.865625 0.2015625 0.865625 0.2 0.8625 0.20625 0.8453125
3 0.4875 0.665625 0.4890625 0.6765625 0.484375 0.6828125 0.48125 0.6859375 0.4765625 0.6859375 0.4765625 0.6796875 0.484375 0.671875 0.4859375 0.6671875
3 0.4953125 0.5796875 0.496875 0.5921875 0.49375 0.59375 0.4890625 0.5921875 0.4875 0.5875 0.490625 0.58125 0.49375 0.5796875
3 0.4875 0.6328125 0.4890625 0.634375 0.4875 0.65 0.48125 0.646875 0.4796875 0.640625 0.48125 0.6359375 0.4859375 0.6328125
3 0.3390625 0.78125 0.3421875 0.7828125 0.3453125 0.7890625 0.3453125 0.8140625 0.334375 0.825 0.328125 0.821875 0.328125 0.8078125 0.33125 0.803125 0.33125 0.7875 0.3375 0.78125