4 0.5578125 0.553125 0.565625 0.5546875 0.578125 0.575 0.6046875 0.59375 0.6125 0.6125 0.615625 0.6625 0.64375 0.690625 0.646875 0.6953125 0.646875 0.7 0.6609375 0.7125 0.6625 0.7421875 0.659375 0.7453125 0.65625 0.7453125 0.6484375 0.7265625 0.6390625 0.7171875 0.6328125 0.7203125 0.63125 0.728125 0.6265625 0.7328125 0.6234375 0.7265625 0.6234375 0.7203125 0.6171875 0.7109375 0.6125 0.709375 0.6078125 0.703125 0.6015625 0.7015625 0.590625 0.69375 0.578125 0.6796875 0.575 0.671875 0.575 0.65625 0.5796875 0.6375 0.578125 0.6359375 0.578125 0.61875 0.575 0.615625 0.5546875 0.6125 0.540625 0.6234375 0.5296875 0.6234375 0.525 0.615625 0.525 0.596875 0.51875 0.584375 0.51875 0.575 0.5234375 0.565625 0.5234375 0.5609375 0.5265625 0.5546875 0.53125 0.5515625 0.546875 0.55625 0.55625 0.553125
4 0.471875 0.5 0.4796875 0.515625 0.478125 0.53125 0.4859375 0.5390625 0.4890625 0.546875 0.4875 0.5609375 0.4828125 0.5734375 0.48125 0.575 0.4734375 0.5734375 0.459375 0.5578125 0.4359375 0.5828125 0.428125 0.5875 0.4265625 0.5921875 0.4140625 0.6015625 0.396875 0.6265625 0.3828125 0.6421875 0.378125 0.6515625 0.3625 0.66875 0.353125 0.678125 0.3484375 0.678125 0.3453125 0.675 0.34375 0.6765625 0.3421875 0.6828125 0.3359375 0.6890625 0.334375 0.7125 0.328125 0.709375 0.3234375 0.6984375 0.3234375 0.69375 0.3203125 0.6890625 0.3203125 0.671875 0.334375 0.6609375 0.3359375 0.6546875 0.33125 0.65 0.3125 0.665625 0.3078125 0.678125 0.3 0.678125 0.2984375 0.6625 0.303125 0.6390625 0.31875 0.6328125 0.328125 0.6171875 0.359375 0.5890625 0.3796875 0.5484375 0.39375 0.5328125 0.4015625 0.53125 0.4171875 0.521875 0.4421875 0.5015625 0.4546875 0.503125 0.4640625 0.4984375 0.4703125 0.5
4 0.1734375 0.28125 0.1765625 0.2859375 0.1765625 0.3046875 0.1734375 0.3046875 0.171875 0.303125 0.1734375 0.2828125
3 0.784375 0.7828125 0.7875 0.7828125 0.80625 0.8 0.8140625 0.8140625 0.8125 0.81875 0.8078125 0.8203125 0.8046875 0.81875 0.796875 0.8078125 0.7890625 0.8015625 0.784375 0.790625 0.784375 0.784375
3 0.05390625 0.79375 0.034375 0.04296875
3 0.5703125 0.7421875 0.575 0.7421875 0.5828125 0.7515625 0.584375 0.7609375 0.603125 0.7921875 0.6078125 0.8109375 0.6171875 0.83125 0.615625 0.834375 0.60625 0.834375 0.6 0.83125 0.596875 0.8265625 0.5859375 0.796875 0.5859375 0.7921875 0.5703125 0.7578125 0.5703125 0.74375
3 0.103125 0.7765625 0.05390625 0.05390625
3 0.1578125 0.7328125 0.05234375 0.04609375
3 0.23125 0.70390625 0.07109375 0.04765625
3 0.66484375 0.67734375 0.04765625 0.0703125
3 0.71484375 0.7484375 0.0421875 0.06875
3 0.65078125 0.81640625 0.02890625 0.07109375
3 0.7546875 0.8625 0.04140625 0.08671875