3 0.5140625 0.6484375 0.5234375 0.65 0.528125 0.653125 0.5265625 0.6578125 0.5203125 0.6609375 0.5109375 0.653125 0.5 0.6515625 0.50625 0.646875 0.5125 0.6484375
3 0.5109375 0.6359375 0.515625 0.6359375 0.51875 0.6390625 0.515625 0.6421875 0.5109375 0.6421875 0.509375 0.640625 0.5109375 0.6375
3 0.4890625 0.665625 0.496875 0.6640625 0.5015625 0.665625 0.5046875 0.6703125 0.5015625 0.6734375 0.490625 0.6703125 0.4875 0.66875 0.4890625 0.6671875
3 0.4921875 0.6234375 0.01171875 0.00703125
3 0.515625 0.6125 0.5265625 0.6171875 0.5234375 0.6203125 0.515625 0.6140625
3 0.503125 0.6671875 0.50625 0.671875 0.50625 0.6765625 0.503125 0.6796875 0.4984375 0.675 0.4875 0.6703125 0.4890625 0.665625 0.5015625 0.6671875
3 0.4953125 0.6234375 0.50625 0.6265625 0.5 0.628125 0.496875 0.625
3 0.4046875 0.890625 0.4109375 0.8953125 0.415625 0.90625 0.415625 0.9265625 0.409375 0.94375 0.4125 0.9640625 0.4109375 0.971875 0.4140625 0.978125 0.409375 0.98125 0.4125 0.9828125 0.409375 0.9890625 0.4 0.9953125 0.3796875 0.9953125 0.371875 0.9875 0.3703125 0.98125 0.3734375 0.965625 0.371875 0.9203125 0.3734375 0.915625 0.3828125 0.90625 0.390625 0.89375 0.403125 0.890625
3 0.4640625 0.7203125 0.478125 0.728125 0.4828125 0.734375 0.4828125 0.753125 0.4796875 0.75625 0.465625 0.75625 0.45 0.7484375 0.446875 0.740625 0.446875 0.7328125 0.453125 0.725 0.4625 0.721875
3 0.4953125 0.634375 0.496875 0.6359375 0.5078125 0.634375 0.5109375 0.6359375 0.5109375 0.640625 0.5 0.6421875 0.4953125 0.640625 0.4921875 0.6375 0.49375 0.6359375
3 0.496875 0.8140625 0.5046875 0.809375 0.5125 0.809375 0.5171875 0.8140625 0.5171875 0.81875 0.503125 0.828125 0.49375 0.821875 0.496875 0.815625
3 0.4890625 0.6203125 0.4953125 0.6203125 0.5109375 0.6265625 0.5 0.6296875 0.490625 0.625 0.4890625 0.621875
3 0.5359375 0.7015625 0.5421875 0.7046875 0.5453125 0.7140625 0.5375 0.721875 0.5296875 0.725 0.50625 0.71875 0.5046875 0.7140625 0.515625 0.7015625 0.528125 0.7 0.534375 0.7015625
3 0.5125 0.703125 0.5234375 0.7015625 0.5296875 0.70625 0.5296875 0.7140625 0.5265625 0.71875 0.5140625 0.7203125 0.5046875 0.7171875 0.5125 0.7046875
3 0.4859375 0.6203125 0.4953125 0.6203125 0.4953125 0.625 0.4875 0.6234375 0.4875 0.621875
3 0.4859375 0.7828125 0.48125 0.790625 0.4828125 0.80625 0.475 0.821875 0.4625 0.8328125 0.453125 0.8359375 0.440625 0.834375 0.43125 0.8296875 0.428125 0.8265625 0.4296875 0.8140625 0.4609375 0.7828125 0.4640625 0.78125 0.471875 0.78125 0.478125 0.784375 0.484375 0.7828125
3 0.5109375 0.646875 0.515625 0.65 0.515625 0.653125 0.5015625 0.653125 0.5 0.65 0.5046875 0.646875 0.509375 0.646875
3 0.5234375 0.65 0.528125 0.6546875 0.5265625 0.6578125 0.5203125 0.6609375 0.5171875 0.659375 0.515625 0.6515625 0.521875 0.65
3 0.5234375 0.5953125 0.528125 0.59375 0.5359375 0.5953125 0.5375 0.5984375 0.525 0.596875
4 0.5125 0.5171875 0.51875 0.5234375 0.51875 0.5328125 0.521875 0.540625 0.521875 0.55 0.515625 0.546875 0.509375 0.5578125 0.5171875 0.5765625 0.51875 0.5875 0.5140625 0.5875 0.5125 0.5796875 0.50625 0.575 0.503125 0.5765625 0.5 0.5828125 0.496875 0.5828125 0.5 0.56875 0.5 0.55625 0.496875 0.5546875 0.4953125 0.55 0.4890625 0.5515625 0.4890625 0.521875 0.496875 0.515625 0.49375 0.509375 0.5015625 0.503125 0.5078125 0.509375 0.5078125 0.5140625 0.5109375 0.5171875