1 0.934375 0.0828125 0.9375 0.078125 0.9484375 0.078125 0.9484375 0.08125 0.9359375 0.0828125
1 0.609375 0.3359375 0.6234375 0.334375 0.6359375 0.3375 0.6359375 0.3421875 0.621875 0.3453125 0.6109375 0.34375 0.6078125 0.340625 0.609375 0.3375
1 0.9171875 0.0796875 0.91875 0.08125 0.9171875 0.084375 0.909375 0.0859375 0.9046875 0.0859375 0.9046875 0.0828125 0.915625 0.0796875
4 0.60625 0.5171875 0.61875 0.5296875 0.5984375 0.528125 0.5984375 0.525 0.60625 0.51875
4 0.6296875 0.3546875 0.63125 0.3609375 0.615625 0.359375 0.61875 0.353125 0.628125 0.3546875
4 0.5359375 0.5125 0.546875 0.51875 0.54375 0.521875 0.5359375 0.5203125 0.534375 0.51875 0.5359375 0.5140625
4 0.1375 0.36875 0.140625 0.3703125 0.140625 0.378125 0.134375 0.3765625 0.1375 0.3703125
4 0.296875 0.396875 0.303125 0.403125 0.303125 0.4078125 0.296875 0.40625 0.296875 0.3984375
4 0.4984375 0.4703125 0.5 0.48125 0.496875 0.509375 0.490625 0.5078125 0.490625 0.496875 0.4875 0.4875 0.4875 0.478125 0.496875 0.471875
4 0.571875 0.3625 0.5734375 0.3546875 0.578125 0.3546875 0.58125 0.3578125 0.58125 0.3625 0.578125 0.3640625 0.5734375 0.3625
4 0.459375 0.4984375 0.46875 0.496875 0.478125 0.5015625 0.4765625 0.50625 0.4734375 0.5046875 0.4640625 0.50625 0.459375 0.503125 0.459375 0.5
4 0.515625 0.4734375 0.5203125 0.4734375 0.521875 0.4765625 0.525 0.49375 0.5234375 0.5140625 0.5171875 0.5078125 0.515625 0.475
4 0.625 0.3546875 0.63125 0.35625 0.63125 0.3609375 0.625 0.3609375 0.6234375 0.359375 0.625 0.35625
4 0.584375 0.346875 0.5875 0.3515625 0.5859375 0.3546875 0.5796875 0.353125 0.5796875 0.3484375 0.5828125 0.346875
4 0.1484375 0.3703125 0.146875 0.3796875 0.1421875 0.378125 0.1421875 0.3703125 0.14375 0.36875 0.146875 0.3703125
4 0.6171875 0.353125 0.625 0.3546875 0.6234375 0.359375 0.61875 0.3609375 0.615625 0.359375 0.6171875 0.3546875
4 0.3953125 0.334375 0.4078125 0.3296875 0.40625 0.3390625 0.3953125 0.3390625 0.39375 0.3375 0.3953125 0.3359375
4 0.5078125 0.465625 0.5125 0.4703125 0.5171875 0.484375 0.5140625 0.5046875 0.5125 0.5078125 0.5046875 0.5109375 0.5 0.509375 0.5 0.50625 0.503125 0.49375 0.503125 0.48125 0.5078125 0.4734375 0.503125 0.4671875 0.50625 0.465625
4 0.13125 0.33125 0.009375 0.0078125
4 0.6578125 0.3765625 0.6609375 0.3828125 0.6609375 0.3859375 0.6578125 0.3875 0.6484375 0.3859375 0.6484375 0.3828125 0.65625 0.3765625
4 0.4078125 0.3296875 0.4078125 0.3359375 0.4046875 0.3359375 0.403125 0.3328125 0.40625 0.3296875