3 0.528125 0.6296875 0.53125 0.634375 0.528125 0.6390625 0.5234375 0.6390625 0.5203125 0.634375 0.521875 0.625 0.5265625 0.6296875
3 0.5078125 0.6828125 0.509375 0.671875 0.5125 0.66875 0.521875 0.6703125 0.525 0.675 0.5234375 0.6859375 0.5125 0.6875 0.509375 0.684375
3 0.5046875 0.6140625 0.5125 0.6171875 0.5140625 0.621875 0.5125 0.6390625 0.5078125 0.6375 0.5046875 0.6328125 0.50625 0.6265625 0.5046875 0.615625
3 0.515625 0.60078125 0.0109375 0.01328125
3 0.50859375 0.703125 0.015625 0.02265625
3 0.5046875 0.75 0.509375 0.7546875 0.5078125 0.7609375 0.5015625 0.7625 0.5 0.753125 0.503125 0.7515625
3 0.5046875 0.8515625 0.5 0.8390625 0.5 0.8296875 0.50625 0.8234375 0.5125 0.825 0.51875 0.8359375 0.51875 0.8421875 0.515625 0.846875 0.5109375 0.8515625 0.50625 0.8515625
3 0.5125 0.721875 0.5171875 0.7203125 0.5265625 0.7296875 0.5265625 0.7359375 0.5234375 0.7390625 0.5125 0.7390625 0.509375 0.734375 0.5125 0.7234375
3 0.5 0.5859375 0.5046875 0.5859375 0.5078125 0.590625 0.5078125 0.5953125 0.5046875 0.5953125 0.5 0.5875
3 0.4890625 0.58125 0.4953125 0.58125 0.4984375 0.5859375 0.4984375 0.5890625 0.49375 0.5890625 0.4890625 0.5828125
3 0.5109375 0.915625 0.515625 0.921875 0.515625 0.9359375 0.509375 0.9390625 0.50625 0.9390625 0.5 0.9328125 0.5015625 0.91875 0.5046875 0.915625 0.509375 0.915625
3 0.5140625 0.915625 0.521875 0.921875 0.525 0.9296875 0.5234375 0.95 0.51875 0.9515625 0.5046875 0.946875 0.5 0.934375 0.5015625 0.91875 0.5046875 0.915625 0.5125 0.915625
3 0.51796875 0.88125 0.0203125 0.03359375
3 0.5046875 0.6078125 0.5078125 0.6078125 0.5140625 0.6171875 0.5125 0.621875 0.50625 0.6203125 0.5046875 0.609375
3 0.5046875 0.6046875 0.509375 0.609375 0.5078125 0.6171875 0.5046875 0.6171875 0.5015625 0.6109375 0.5015625 0.6078125 0.5046875 0.60625
3 0.5015625 0.6453125 0.5078125 0.6484375 0.50625 0.653125 0.5015625 0.653125 0.5 0.6515625 0.5015625 0.646875
3 0.5109375 0.6703125 0.5140625 0.66875 0.5171875 0.6703125 0.5171875 0.68125 0.5140625 0.6859375 0.509375 0.684375 0.5109375 0.671875
3 0.5015625 0.7515625 0.5078125 0.7515625 0.509375 0.7625 0.515625 0.765625 0.5171875 0.76875 0.5125 0.775 0.503125 0.7765625 0.5 0.7703125 0.5015625 0.765625 0.5 0.7546875 0.5015625 0.753125
3 0.5078125 0.5859375 0.5125 0.5859375 0.515625 0.590625 0.515625 0.59375 0.509375 0.596875 0.50625 0.590625 0.5078125 0.5875
3 0.5015625 0.703125 0.5015625 0.6953125 0.5046875 0.6921875 0.5109375 0.69375 0.5109375 0.7015625 0.5078125 0.7046875 0.503125 0.703125
3 0.5265625 0.596875 0.5296875 0.6015625 0.528125 0.60625 0.51875 0.60625 0.5171875 0.603125 0.5171875 0.5984375 0.525 0.596875
3 0.50625 0.6171875 0.5125 0.615625 0.515625 0.6359375 0.515625 0.640625 0.509375 0.6375 0.50625 0.6328125 0.50625 0.61875
3 0.5359375 0.590625 0.5390625 0.59375 0.5375 0.6015625 0.528125 0.60625 0.5234375 0.60625 0.5203125 0.6015625 0.51875 0.5953125 0.5203125 0.59375 0.534375 0.5921875
3 0.5046875 0.6125 0.5078125 0.6140625 0.5109375 0.6203125 0.5109375 0.625 0.5078125 0.6296875 0.5046875 0.6234375 0.5046875 0.6140625
3 0.51875 0.671875 0.525 0.675 0.5234375 0.6859375 0.5171875 0.6859375 0.51875 0.6734375
3 0.5046875 0.590625 0.509375 0.590625 0.5125 0.59375 0.5125 0.596875 0.5078125 0.596875 0.5046875 0.5921875
3 0.51875 0.7859375 0.5296875 0.8 0.528125 0.8109375 0.521875 0.815625 0.5109375 0.8140625 0.509375 0.8109375 0.5109375 0.79375 0.5171875 0.7875
3 0.53046875 0.990625 0.0171875 0.01953125
3 0.521875 0.6296875 0.525 0.6359375 0.521875 0.6390625 0.515625 0.6390625 0.5125 0.6359375 0.5140625 0.625 0.5203125 0.6296875
3 0.5140625 0.9734375 0.521875 0.9734375 0.528125 0.98125 0.534375 0.98125 0.5375 0.984375 0.5375 0.9984375 0.5109375 0.9984375 0.5140625 0.975
3 0.5046875 0.603125 0.5078125 0.603125 0.5140625 0.6125 0.5125 0.6203125 0.50625 0.6203125 0.503125 0.6140625 0.5046875 0.6046875
3 0.509375 0.6125 0.515625 0.6140625 0.5171875 0.6171875 0.51875 0.63125 0.5140625 0.6328125 0.5109375 0.6140625
3 0.5140625 0.9734375 0.521875 0.9734375 0.5234375 0.9765625 0.521875 0.9984375 0.5109375 0.9984375 0.5140625 0.975
3 0.509375 0.584375 0.51875 0.584375 0.521875 0.5890625 0.5125 0.596875 0.509375 0.5921875 0.509375 0.5859375
1 0.6078125 0.3796875 0.66875 0.3890625 0.675 0.3984375 0.6765625 0.421875 0.6828125 0.4296875 0.6890625 0.4328125 0.69375 0.4546875 0.690625 0.5078125 0.6828125 0.5140625 0.6796875 0.521875 0.671875 0.521875 0.66875 0.525 0.6609375 0.540625 0.640625 0.54375 0.63125 0.553125 0.628125 0.5609375 0.625 0.5609375 0.6171875 0.5515625 0.6 0.546875 0.596875 0.5375 0.596875 0.5265625 0.5890625 0.5203125 0.5828125 0.5109375 0.58125 0.5015625 0.5828125 0.4875 0.5796875 0.484375 0.5828125 0.48125 0.5828125 0.44375 0.5796875 0.4359375 0.5796875 0.425 0.5703125 0.409375 0.565625 0.409375 0.5609375 0.41875 0.5609375 0.434375 0.559375 0.4359375 0.5625 0.4421875 0.5625 0.4484375 0.5578125 0.4671875 0.559375 0.475 0.55625 0.478125 0.5578125 0.484375 0.553125 0.5046875 0.54375 0.5078125 0.5421875 0.50625 0.53125 0.5078125 0.5234375 0.515625 0.521875 0.521875 0.5078125 0.5234375 0.5046875 0.521875 0.5046875 0.509375 0.496875 0.5015625 0.496875 0.4875 0.490625 0.4796875 0.4890625 0.4734375 0.4953125 0.4390625 0.5015625 0.43125 0.515625 0.425 0.5390625 0.4234375 0.5421875 0.4203125 0.54375 0.409375 0.553125 0.396875 0.553125 0.39375 0.565625 0.384375 0.5828125 0.3796875 0.60625 0.3796875
4 0.571875 0.4578125 0.01953125 0.071875
4 0.56875 0.45625 0.575 0.465625 0.5734375 0.4890625 0.5703125 0.4921875 0.5640625 0.490625 0.5640625 0.475 0.5609375 0.4671875 0.5640625 0.459375 0.5671875 0.4578125
4 0.5671875 0.4109375 0.571875 0.4125 0.571875 0.41875 0.578125 0.4296875 0.578125 0.440625 0.58125 0.446875 0.58125 0.475 0.5796875 0.4765625 0.58125 0.5625 0.575 0.565625 0.565625 0.5609375 0.5515625 0.5578125 0.55625 0.4890625 0.5578125 0.4875 0.55625 0.48125 0.5609375 0.475 0.5625 0.484375 0.571875 0.4921875 0.575 0.4875 0.5765625 0.475 0.5765625 0.46875 0.5734375 0.4640625 0.575 0.4625 0.5734375 0.4453125 0.578125 0.4421875 0.5765625 0.4296875 0.575 0.428125 0.571875 0.4328125 0.5734375 0.4375 0.5703125 0.4421875 0.5671875 0.4578125 0.565625 0.459375 0.5625 0.4578125 0.5609375 0.45 0.5640625 0.4265625 0.5625 0.421875 0.5671875 0.4125
4 0.5734375 0.4234375 0.578125 0.4265625 0.578125 0.4375 0.58125 0.4453125 0.58125 0.5625 0.578125 0.565625 0.571875 0.565625 0.565625 0.5578125 0.5640625 0.546875 0.5640625 0.5359375 0.5671875 0.525 0.565625 0.5 0.5671875 0.49375 0.5765625 0.4875 0.575 0.4859375 0.5765625 0.475 0.575 0.45625 0.5734375 0.4546875 0.56875 0.4578125 0.56875 0.4453125 0.5734375 0.4359375 0.5734375 0.425
4 0.565625 0.4109375 0.571875 0.4125 0.571875 0.4265625 0.56875 0.4328125 0.5671875 0.4515625 0.5625 0.4609375 0.5609375 0.4703125 0.5625 0.4859375 0.565625 0.4921875 0.5640625 0.5609375 0.5515625 0.5578125 0.55625 0.484375 0.55 0.48125 0.5484375 0.478125 0.55 0.428125 0.5546875 0.421875 0.559375 0.421875 0.565625 0.4125