3 0.503125 0.809375 0.5109375 0.8203125 0.5109375 0.83125 0.5046875 0.834375 0.496875 0.8328125 0.4921875 0.821875 0.49375 0.8109375 0.4984375 0.8078125 0.5015625 0.809375
3 0.5 0.64453125 0.01484375 0.015625
3 0.5078125 0.615625 0.509375 0.6234375 0.5046875 0.6234375 0.5046875 0.6171875 0.50625 0.6171875
3 0.5 0.671875 0.503125 0.6609375 0.5078125 0.6578125 0.5140625 0.665625 0.5140625 0.671875 0.509375 0.675 0.5015625 0.675 0.5015625 0.6734375
3 0.528125 0.965625 0.5296875 0.9765625 0.5265625 0.9921875 0.5234375 0.996875 0.5171875 0.9984375 0.5125 0.996875 0.515625 0.9703125 0.521875 0.965625 0.5265625 0.965625
3 0.5078125 0.9546875 0.5140625 0.9546875 0.51875 0.9640625 0.5125 0.9734375 0.5109375 0.990625 0.5078125 0.99375 0.5015625 0.990625 0.5046875 0.9609375 0.5078125 0.95625
3 0.5078125 0.6296875 0.5078125 0.6265625 0.5125 0.621875 0.515625 0.6234375 0.515625 0.628125 0.509375 0.6296875
3 0.50625 0.6453125 0.5078125 0.6515625 0.503125 0.65625 0.4953125 0.653125 0.49375 0.646875 0.5046875 0.6453125
3 0.50625 0.6203125 0.0078125 0.009375
3 0.509375 0.709375 0.51875 0.715625 0.51875 0.725 0.5140625 0.728125 0.5046875 0.7265625 0.5015625 0.7234375 0.503125 0.7125 0.5078125 0.709375
3 0.5 0.75 0.01796875 0.02265625
3 0.5125 0.8484375 0.51875 0.8578125 0.5203125 0.871875 0.5171875 0.878125 0.50625 0.8828125 0.5015625 0.878125 0.5015625 0.865625 0.5046875 0.8515625 0.5109375 0.8484375
3 0.5046875 0.6203125 0.5078125 0.6265625 0.50625 0.6296875 0.5015625 0.6296875 0.503125 0.621875
3 0.4984375 0.68125 0.50625 0.6921875 0.50625 0.6984375 0.5 0.7 0.4953125 0.696875 0.4921875 0.690625 0.4921875 0.684375 0.496875 0.6828125
3 0.5046875 0.6578125 0.509375 0.6578125 0.5078125 0.665625 0.503125 0.665625 0.5046875 0.659375
3 0.50703125 0.5890625 0.0109375 0.01328125
3 0.5125 0.9546875 0.521875 0.9640625 0.5296875 0.965625 0.528125 0.984375 0.525 0.9953125 0.521875 0.996875 0.5203125 0.9953125 0.5046875 0.9953125 0.5015625 0.990625 0.5046875 0.9609375 0.5109375 0.9546875
3 0.509375 0.6640625 0.5140625 0.6671875 0.5140625 0.671875 0.50625 0.6765625 0.5 0.675 0.5 0.6703125 0.503125 0.665625 0.5078125 0.6640625
3 0.496875 0.6421875 0.01015625 0.01015625
3 0.5125 0.7734375 0.5234375 0.784375 0.5234375 0.7890625 0.51875 0.7953125 0.509375 0.7984375 0.503125 0.796875 0.5 0.7890625 0.5046875 0.775 0.5109375 0.7734375
3 0.4984375 0.6 0.5 0.6078125 0.4953125 0.6078125 0.49375 0.6046875 0.49375 0.6015625 0.496875 0.6
3 0.5125 0.9546875 0.521875 0.9640625 0.5296875 0.965625 0.528125 0.984375 0.525 0.9953125 0.521875 0.996875 0.5109375 0.996875 0.5015625 0.990625 0.5046875 0.9625 0.50625 0.9578125 0.5109375 0.9546875
3 0.5046875 0.6171875 0.509375 0.6171875 0.509375 0.6265625 0.5046875 0.6296875 0.5015625 0.628125 0.5046875 0.61875
3 0.5078125 0.9015625 0.5125 0.9046875 0.515625 0.9109375 0.515625 0.925 0.5078125 0.9328125 0.496875 0.9296875 0.4921875 0.9140625 0.4921875 0.90625 0.4984375 0.8984375 0.503125 0.8984375 0.50625 0.9015625
3 0.503125 0.809375 0.5046875 0.81875 0.4984375 0.825 0.4921875 0.8203125 0.4921875 0.8140625 0.4953125 0.809375 0.4984375 0.8078125 0.5015625 0.809375
4 0.503125 0.5109375 0.5171875 0.5296875 0.5234375 0.5453125 0.5234375 0.5515625 0.515625 0.5546875 0.5171875 0.575 0.5140625 0.5796875 0.509375 0.5796875 0.5046875 0.571875 0.5 0.5734375 0.4953125 0.5796875 0.4890625 0.5796875 0.484375 0.575 0.484375 0.56875 0.4890625 0.5625 0.4890625 0.5546875 0.4875 0.553125 0.484375 0.5546875 0.484375 0.54375 0.465625 0.540625 0.465625 0.5359375 0.478125 0.534375 0.490625 0.528125 0.4953125 0.5234375 0.4984375 0.5125 0.5015625 0.5109375