3 0.671875 0.6640625 0.6765625 0.6640625 0.6765625 0.6703125 0.671875 0.675 0.6703125 0.6734375 0.671875 0.665625
3 0.703125 0.5421875 0.70625 0.54375 0.70625 0.55 0.7046875 0.5515625 0.7 0.55 0.7015625 0.54375
3 0.703125 0.5703125 0.70625 0.5703125 0.7078125 0.575 0.70625 0.5796875 0.703125 0.5796875 0.7015625 0.578125 0.703125 0.571875
3 0.5703125 0.8125 0.571875 0.8140625 0.5703125 0.825 0.571875 0.8375 0.5671875 0.8515625 0.5609375 0.85625 0.553125 0.8484375 0.5515625 0.840625 0.5640625 0.8296875 0.565625 0.825 0.5640625 0.8140625 0.56875 0.8125
3 0.659375 0.7 0.665625 0.7015625 0.665625 0.7140625 0.6625 0.7171875 0.65625 0.715625 0.65625 0.7078125 0.659375 0.7015625
3 0.671875 0.68125 0.6765625 0.68125 0.675 0.6890625 0.6703125 0.6875 0.671875 0.6828125
3 0.6046875 0.7828125 0.603125 0.7703125 0.6046875 0.7625 0.6078125 0.759375 0.6109375 0.7609375 0.6125 0.76875 0.6171875 0.7734375 0.6171875 0.7765625 0.615625 0.7796875 0.60625 0.7828125
3 0.5390625 0.925 0.5390625 0.915625 0.5484375 0.8984375 0.5546875 0.9 0.5546875 0.909375 0.55 0.9203125 0.540625 0.925
3 0.69375 0.5984375 0.6953125 0.60625 0.6890625 0.6046875 0.6890625 0.6015625 0.6921875 0.6
3 0.646875 0.7171875 0.65 0.7203125 0.6484375 0.7234375 0.65 0.7375 0.6390625 0.7375 0.6390625 0.7296875 0.6453125 0.71875
3 0.62578125 0.7515625 0.01328125 0.0234375
3 0.58125 0.80625 0.5796875 0.8 0.5828125 0.7875 0.5953125 0.7890625 0.5921875 0.8 0.5828125 0.80625
3 0.521875 0.921875 0.5265625 0.925 0.521875 0.9484375 0.515625 0.953125 0.5125 0.9515625 0.509375 0.9453125 0.509375 0.9375 0.515625 0.9265625 0.5203125 0.9234375
3 0.5671875 0.8546875 0.5703125 0.85625 0.5703125 0.8609375 0.5765625 0.8703125 0.575 0.88125 0.565625 0.8875 0.553125 0.8828125 0.553125 0.865625 0.565625 0.85625
3 0.68125 0.65625 0.6859375 0.6578125 0.684375 0.665625 0.678125 0.6640625 0.68125 0.6578125
5 0.5046875 0.85859375 0.090625 0.1265625