3 0.425 0.853125 0.428125 0.853125 0.4296875 0.8609375 0.4359375 0.871875 0.4328125 0.88125 0.425 0.8796875 0.421875 0.8703125 0.421875 0.85625 0.425 0.8546875
3 0.428125 0.853125 0.4296875 0.8625 0.428125 0.86875 0.425 0.8703125 0.4203125 0.865625 0.4203125 0.859375 0.4265625 0.853125
3 0.39921875 0.8296875 0.0125 0.01953125
3 0.53125 0.6421875 0.534375 0.64375 0.534375 0.646875 0.53125 0.6484375 0.525 0.646875 0.525 0.64375 0.5296875 0.6421875
3 0.4609375 0.6765625 0.478125 0.6765625 0.4765625 0.6796875 0.4609375 0.678125
3 0.4375 0.7015625 0.4375 0.696875 0.4453125 0.6921875 0.4484375 0.6921875 0.4484375 0.696875 0.44375 0.7015625 0.4390625 0.7015625
3 0.5 0.6609375 0.5078125 0.659375 0.5140625 0.6609375 0.5125 0.6640625 0.5078125 0.665625 0.5015625 0.665625 0.5 0.6625
3 0.4140625 0.9484375 0.415625 0.953125 0.4203125 0.95 0.425 0.9515625 0.428125 0.9609375 0.428125 0.9671875 0.4234375 0.978125 0.4171875 0.984375 0.4171875 0.9890625 0.4109375 0.99375 0.40625 0.990625 0.40625 0.98125 0.4015625 0.965625 0.4015625 0.9625 0.4078125 0.959375 0.4078125 0.9546875 0.4125 0.95
3 0.48125 0.6734375 0.4890625 0.678125 0.484375 0.68125 0.4765625 0.6796875 0.475 0.678125 0.4765625 0.675 0.4796875 0.675
3 0.3984375 0.7984375 0.3984375 0.8109375 0.390625 0.8109375 0.3890625 0.8078125 0.3890625 0.803125 0.396875 0.7984375
3 0.44375 0.68125 0.446875 0.6796875 0.45 0.68125 0.45 0.6859375 0.446875 0.6890625 0.44375 0.6875 0.44375 0.6828125
3 0.4109375 0.7328125 0.4125 0.734375 0.409375 0.7375 0.403125 0.7375 0.4046875 0.7328125 0.409375 0.7328125
3 0.4203125 0.7875 0.41875 0.8 0.4125 0.796875 0.4140625 0.7890625 0.41875 0.7875
3 0.459375 0.675 0.46875 0.6765625 0.465625 0.68125 0.4609375 0.68125 0.459375 0.6765625
3 0.4078125 0.890625 0.409375 0.9078125 0.40625 0.9125 0.3984375 0.9125 0.396875 0.9078125 0.3984375 0.9 0.40625 0.8921875
3 0.43125 0.809375 0.4328125 0.821875 0.421875 0.834375 0.41875 0.834375 0.4171875 0.828125 0.4265625 0.8109375 0.4296875 0.809375
3 0.384375 0.925 0.3890625 0.9296875 0.3890625 0.9359375 0.384375 0.9484375 0.3859375 0.9625 0.38125 0.9796875 0.378125 0.98125 0.3734375 0.9796875 0.375 0.975 0.3703125 0.9703125 0.3703125 0.9578125 0.371875 0.95625 0.371875 0.9375 0.375 0.93125 0.3828125 0.9265625
3 0.4359375 0.7234375 0.434375 0.7328125 0.4265625 0.73125 0.4265625 0.728125 0.434375 0.7234375
3 0.39765625 0.75703125 0.009375 0.0125
3 0.51875 0.653125 0.5265625 0.6546875 0.525 0.6578125 0.5265625 0.6625 0.5171875 0.6578125 0.51875 0.6546875
3 0.3984375 0.765625 0.4015625 0.7671875 0.403125 0.7796875 0.4015625 0.7828125 0.39375 0.778125 0.39375 0.7703125 0.396875 0.7671875
3 0.4 0.834375 0.015625 0.02890625
3 0.4265625 0.7390625 0.4265625 0.74375 0.421875 0.7484375 0.4171875 0.7453125 0.4171875 0.7421875 0.4203125 0.7390625 0.425 0.7390625
3 0.44375 0.7328125 0.4484375 0.725 0.453125 0.725 0.453125 0.7296875 0.4453125 0.7328125
3 0.48125 0.6625 0.4828125 0.665625 0.4796875 0.66875 0.471875 0.6671875 0.471875 0.6640625 0.4796875 0.6625
3 0.409375 0.859375 0.4078125 0.8796875 0.3953125 0.8875 0.390625 0.884375 0.390625 0.8796875 0.4015625 0.8640625 0.4078125 0.859375
3 0.44296875 0.76875 0.0140625 0.0140625
3 0.4375 0.7046875 0.4390625 0.70625 0.4375 0.7140625 0.4328125 0.7171875 0.425 0.7078125 0.428125 0.7046875 0.4359375 0.7046875
3 0.409375 0.9421875 0.4109375 0.94375 0.409375 0.9578125 0.4046875 0.9625 0.4 0.9609375 0.3984375 0.9515625 0.4078125 0.9421875
3 0.4140625 0.909375 0.415625 0.91875 0.4109375 0.93125 0.4078125 0.93125 0.396875 0.9234375 0.396875 0.9140625 0.4125 0.909375
3 0.37578125 0.9875 0.01796875 0.025
3 0.5703125 0.634375 0.5734375 0.6375 0.56875 0.6421875 0.5640625 0.640625 0.5640625 0.6375 0.56875 0.634375
3 0.4015625 0.75 0.4046875 0.753125 0.4046875 0.7578125 0.4125 0.7625 0.409375 0.76875 0.4125 0.7765625 0.409375 0.78125 0.409375 0.7859375 0.4109375 0.7875 0.41875 0.7859375 0.425 0.7890625 0.4234375 0.79375 0.4265625 0.796875 0.428125 0.80625 0.4359375 0.8125 0.4390625 0.8125 0.446875 0.8203125 0.4484375 0.8234375 0.446875 0.8328125 0.45 0.834375 0.446875 0.8328125 0.44375 0.834375 0.440625 0.840625 0.43125 0.8375 0.4296875 0.8390625 0.4328125 0.8421875 0.4296875 0.846875 0.4234375 0.8421875 0.4171875 0.8421875 0.4140625 0.8453125 0.4140625 0.85 0.41875 0.853125 0.425 0.8515625 0.4296875 0.853125 0.4375 0.8703125 0.446875 0.8765625 0.440625 0.8796875 0.4421875 0.884375 0.446875 0.884375 0.453125 0.878125 0.4578125 0.9046875 0.453125 0.9109375 0.45625 0.9171875 0.4515625 0.928125 0.4484375 0.9328125 0.4390625 0.934375 0.43125 0.925 0.43125 0.915625 0.434375 0.9109375 0.434375 0.8984375 0.4265625 0.8921875 0.41875 0.8984375 0.41875 0.9015625 0.425 0.9046875 0.421875 0.90625 0.421875 0.9109375 0.4171875 0.915625 0.41875 0.9171875 0.425 0.915625 0.425 0.91875 0.4171875 0.9234375 0.415625 0.9328125 0.4125 0.9359375 0.415625 0.9390625 0.4171875 0.9484375 0.428125 0.953125 0.428125 0.95625 0.4359375 0.9625 0.440625 0.9765625 0.4390625 0.984375 0.4375 0.98125 0.4328125 0.9796875 0.421875 0.990625 0.415625 0.99375 0.4046875 0.9921875 0.403125 0.9953125 0.3875 0.99375 0.38125 0.996875 0.3671875 0.99375 0.36875 0.984375 0.3671875 0.9828125 0.3671875 0.9609375 0.36875 0.959375 0.3671875 0.946875 0.371875 0.94375 0.3703125 0.940625 0.371875 0.9359375 0.38125 0.9265625 0.3875 0.9265625 0.3921875 0.921875 0.396875 0.8984375 0.4 0.89375 0.3921875 0.8875 0.390625 0.878125 0.3953125 0.8734375 0.4 0.8625 0.40625 0.85625 0.396875 0.84375 0.39375 0.846875 0.390625 0.8453125 0.3921875 0.825 0.390625 0.81875 0.384375 0.815625 0.3890625 0.8125 0.3890625 0.8015625 0.3953125 0.7953125 0.3984375 0.7875 0.3984375 0.7828125 0.39375 0.778125 0.3953125 0.7671875 0.39375 0.7546875 0.3953125 0.7515625 0.4 0.75
3 0.4859375 0.6671875 0.490625 0.665625 0.490625 0.6703125 0.4859375 0.6703125 0.4859375 0.66875
3 0.43125 0.809375 0.44375 0.81875 0.44375 0.83125 0.4390625 0.8390625 0.4359375 0.8390625 0.4296875 0.83125 0.4234375 0.834375 0.4171875 0.8328125 0.4171875 0.828125 0.4234375 0.815625 0.4296875 0.809375
3 0.4328125 0.7046875 0.434375 0.70625 0.4328125 0.7125 0.425 0.709375 0.4265625 0.7046875 0.43125 0.7046875
3 0.4171875 0.953125 0.421875 0.95 0.425 0.9515625 0.425 0.9703125 0.421875 0.975 0.4140625 0.9734375 0.4140625 0.959375 0.4171875 0.9546875
3 0.55 0.6484375 0.5515625 0.6515625 0.54375 0.6546875 0.540625 0.6515625 0.54375 0.6484375 0.5484375 0.6484375
3 0.4328125 0.7671875 0.015625 0.01953125
3 0.4484375 0.884375 0.4515625 0.8890625 0.4515625 0.9078125 0.4484375 0.9203125 0.4421875 0.9296875 0.4328125 0.928125 0.43125 0.91875 0.4359375 0.909375 0.4375 0.8953125 0.4421875 0.8859375 0.446875 0.884375
3 0.4421875 0.8171875 0.44375 0.8296875 0.4390625 0.8375 0.4359375 0.8375 0.434375 0.834375 0.434375 0.825 0.4375 0.81875 0.440625 0.8171875
3 0.384375 0.925 0.3875 0.9265625 0.3859375 0.94375 0.378125 0.95 0.3734375 0.946875 0.3734375 0.9359375 0.3828125 0.9265625
3 0.4828125 0.675 0.4875 0.678125 0.478125 0.68125 0.4703125 0.6796875 0.4703125 0.6765625 0.48125 0.675
3 0.4828125 0.678125 0.4890625 0.6765625 0.490625 0.6796875 0.4875 0.68125 0.484375 0.6796875
3 0.4296875 0.8703125 0.434375 0.875 0.4328125 0.88125 0.425 0.8796875 0.425 0.871875 0.428125 0.8703125
4 0.6328125 0.49375 0.640625 0.50625 0.6484375 0.5421875 0.6484375 0.5921875 0.64375 0.6 0.6265625 0.6015625 0.6203125 0.6125 0.615625 0.6125 0.6125 0.6078125 0.603125 0.615625 0.5953125 0.609375 0.5875 0.609375 0.5953125 0.5953125 0.5953125 0.5859375 0.6046875 0.553125 0.615625 0.5421875 0.625 0.5265625 0.6234375 0.5015625 0.63125 0.49375