3 0.38984375 0.9765625 0.02890625 0.046875
3 0.41875 0.89921875 0.01875 0.06484375
3 0.42265625 0.81328125 0.0265625 0.04921875
3 0.44921875 0.75 0.01484375 0.053125
3 0.46015625 0.68046875 0.021875 0.04296875
3 0.47578125 0.634375 0.01328125 0.04375
3 0.47890625 0.584375 0.015625 0.03359375
3 0.496875 0.55546875 0.01171875 0.03515625
3 0.5046875 0.5171875 0.0140625 0.0265625
3 0.52578125 0.4984375 0.01328125 0.0234375
3 0.5390625 0.46953125 0.01328125 0.02265625
3 0.5625 0.45234375 0.01328125 0.0171875
3 0.58046875 0.41171875 0.01015625 0.03828125
3 0.59375 0.37421875 0.0078125 0.03828125
3 0.6078125 0.35078125 0.01015625 0.04921875
3 0.6203125 0.31875 0.0109375 0.0375
3 0.6328125 0.29375 0.01171875 0.03515625
3 0.6375 0.246875 0.0078125 0.028125