3 0.50390625 0.76953125 0.0125 0.01484375
3 0.5 0.5328125 0.0046875 0.00859375
3 0.5046875 0.4859375 0.503125 0.4765625 0.50625 0.475 0.50625 0.484375
3 0.503125 0.5734375 0.5015625 0.5671875 0.503125 0.5609375 0.5078125 0.5671875 0.5046875 0.5734375
3 0.5015625 0.5953125 0.50625 0.596875 0.5078125 0.6109375 0.5046875 0.6140625 0.5015625 0.6125 0.5015625 0.6078125 0.496875 0.6046875 0.496875 0.6015625 0.5015625 0.596875
3 0.5046875 0.571875 0.503125 0.5734375 0.50625 0.5796875 0.5046875 0.584375 0.4984375 0.5765625 0.4984375 0.5734375 0.503125 0.571875
3 0.5 0.5125 0.503125 0.5125 0.5046875 0.5234375 0.5046875 0.5375 0.4984375 0.5375 0.496875 0.521875 0.5 0.5140625
3 0.4984375 0.484375 0.5015625 0.484375 0.5015625 0.503125 0.496875 0.496875 0.4984375 0.4859375
3 0.4984375 0.6015625 0.5046875 0.6015625 0.5078125 0.609375 0.5078125 0.6125 0.503125 0.6125 0.4984375 0.603125
3 0.5015625 0.509375 0.5046875 0.509375 0.50625 0.5203125 0.5046875 0.5328125 0.5015625 0.534375 0.4984375 0.53125 0.496875 0.525 0.4984375 0.515625 0.5015625 0.5109375
3 0.4984375 0.528125 0.5046875 0.53125 0.5046875 0.54375 0.4984375 0.5453125 0.496875 0.5421875 0.4984375 0.5296875
3 0.5140625 0.9203125 0.515625 0.9234375 0.5140625 0.9375 0.509375 0.94375 0.5015625 0.94375 0.4984375 0.9390625 0.4984375 0.934375 0.5046875 0.9234375 0.5078125 0.9203125 0.5125 0.9203125
3 0.4984375 0.6828125 0.5 0.6859375 0.4984375 0.690625 0.4953125 0.690625 0.4921875 0.6859375 0.496875 0.6828125
3 0.4984375 0.496875 0.5015625 0.503125 0.5 0.5140625 0.4984375 0.515625 0.4953125 0.5125 0.4953125 0.503125 0.4984375 0.4984375
3 0.4984375 0.45625 0.5015625 0.4546875 0.503125 0.459375 0.5 0.4609375 0.5 0.4578125
3 0.5015625 0.4296875 0.5046875 0.4375 0.503125 0.4453125 0.5046875 0.4609375 0.5015625 0.4640625 0.5 0.4625 0.5015625 0.43125
3 0.5015625 0.54375 0.5046875 0.54375 0.503125 0.5515625 0.5 0.55 0.5015625 0.5453125
3 0.4984375 0.5515625 0.5015625 0.5515625 0.50625 0.559375 0.5046875 0.5703125 0.5015625 0.56875 0.4984375 0.565625 0.4984375 0.553125
3 0.4984375 0.7109375 0.5 0.715625 0.4984375 0.721875 0.4953125 0.721875 0.490625 0.7171875 0.4921875 0.7125 0.496875 0.7109375
3 0.5046875 0.5109375 0.50625 0.51875 0.5046875 0.5296875 0.5015625 0.5296875 0.4984375 0.5203125 0.5 0.5125 0.503125 0.5109375
3 0.5015625 0.4578125 0.5046875 0.4578125 0.5015625 0.471875 0.4984375 0.471875 0.5015625 0.4671875 0.5 0.4640625 0.5015625 0.459375
3 0.4984375 0.5328125 0.5015625 0.5328125 0.503125 0.5375 0.503125 0.553125 0.5046875 0.5546875 0.5046875 0.5578125 0.5015625 0.559375 0.4984375 0.5578125 0.496875 0.553125 0.4984375 0.534375
3 0.5 0.528125 0.5046875 0.5296875 0.503125 0.5453125 0.4984375 0.54375 0.496875 0.5375 0.5 0.5296875
3 0.5015625 0.5984375 0.503125 0.6046875 0.5015625 0.60625 0.496875 0.6046875 0.496875 0.6015625 0.5 0.6
3 0.5015625 0.4921875 0.503125 0.496875 0.5015625 0.5125 0.5 0.4984375 0.5015625 0.49375
3 0.4984375 0.546875 0.5015625 0.55 0.5015625 0.55625 0.4953125 0.553125 0.496875 0.5484375
3 0.5015625 0.515625 0.5046875 0.515625 0.5046875 0.525 0.5015625 0.5234375 0.5015625 0.5171875
3 0.50234375 0.4984375 0.0015625 0.00703125
3 0.4921875 0.890625 0.496875 0.8875 0.5015625 0.8875 0.50625 0.8984375 0.50625 0.9046875 0.5015625 0.909375 0.4953125 0.9109375 0.4859375 0.9015625 0.4921875 0.8921875
3 0.5125 0.8578125 0.5140625 0.8703125 0.5078125 0.8765625 0.503125 0.8765625 0.5 0.8734375 0.5 0.86875 0.5046875 0.859375 0.5109375 0.8578125
3 0.496875 0.5640625 0.5015625 0.559375 0.503125 0.565625 0.4984375 0.565625
3 0.5015625 0.5703125 0.5046875 0.58125 0.5015625 0.58125 0.496875 0.575 0.5 0.571875
3 0.496875 0.6234375 0.4953125 0.6203125 0.496875 0.6171875 0.5015625 0.6171875 0.5015625 0.6234375 0.4984375 0.6234375
3 0.4984375 0.565625 0.4984375 0.5609375 0.503125 0.5578125 0.50625 0.5609375 0.5078125 0.5703125 0.503125 0.5734375 0.5 0.565625
3 0.5015625 0.66875 0.50625 0.66875 0.5078125 0.671875 0.5078125 0.675 0.5015625 0.6796875 0.4984375 0.6765625 0.4984375 0.671875 0.5015625 0.6703125
3 0.4984375 0.7859375 0.5015625 0.796875 0.496875 0.8 0.4921875 0.7984375 0.4890625 0.79375 0.4890625 0.7890625 0.4921875 0.7859375 0.496875 0.7859375
3 0.4984375 0.534375 0.496875 0.5234375 0.5015625 0.5109375 0.5046875 0.5125 0.50625 0.5265625 0.5046875 0.534375 0.503125 0.5359375 0.5 0.534375
3 0.4984375 0.4640625 0.5015625 0.4578125 0.5 0.43125 0.503125 0.4296875 0.5046875 0.4625 0.5015625 0.4671875 0.5015625 0.471875 0.4984375 0.471875 0.5 0.465625
3 0.5015625 0.459375 0.5046875 0.459375 0.5015625 0.465625 0.503125 0.46875 0.5015625 0.475 0.4984375 0.471875 0.5015625 0.4671875 0.5015625 0.4609375
3 0.5 0.4796875 0.503125 0.4828125 0.5015625 0.4984375 0.496875 0.4921875 0.5 0.48125
3 0.49609375 0.7515625 0.0125 0.01328125
3 0.5015625 0.434375 0.503125 0.4375 0.5015625 0.446875 0.5 0.44375 0.5015625 0.4359375
3 0.5015625 0.6359375 0.503125 0.6375 0.5015625 0.6421875 0.4953125 0.640625 0.5 0.6359375
3 0.503125 0.625 0.509375 0.6265625 0.5046875 0.63125 0.503125 0.6265625
3 0.5 0.46875 0.5046875 0.46875 0.5046875 0.475 0.5015625 0.475 0.5 0.4703125
3 0.5015625 0.51875 0.0078125 0.0171875
3 0.5046875 0.559375 0.4984375 0.5546875 0.4984375 0.546875 0.503125 0.54375 0.5046875 0.5578125
3 0.5015625 0.521875 0.5046875 0.521875 0.50625 0.525 0.5046875 0.5375 0.5015625 0.534375 0.5015625 0.5234375
3 0.496875 0.5859375 0.5015625 0.5859375 0.5015625 0.590625 0.4984375 0.590625 0.496875 0.5875
3 0.5015625 0.4296875 0.5046875 0.4296875 0.503125 0.4421875 0.5 0.4359375 0.5015625 0.43125
3 0.50234375 0.4515625 0.00625 0.04453125
3 0.5015625 0.6109375 0.503125 0.6125 0.5015625 0.6234375 0.496875 0.6234375 0.5 0.6203125 0.496875 0.615625 0.5 0.6125
3 0.5015625 0.478125 0.5046875 0.48125 0.5046875 0.4921875 0.5015625 0.4984375 0.4984375 0.4921875 0.5015625 0.4796875
3 0.5015625 0.5328125 0.5046875 0.5359375 0.5046875 0.55 0.5015625 0.553125 0.4984375 0.553125 0.496875 0.5453125 0.496875 0.534375 0.5 0.5328125
3 0.5015625 0.428125 0.503125 0.4609375 0.5 0.4625 0.4984375 0.4578125 0.4984375 0.4421875 0.5015625 0.4296875
3 0.5046875 0.6953125 0.50625 0.7 0.5015625 0.70625 0.4984375 0.7015625 0.5 0.696875 0.503125 0.6953125
3 0.5015625 0.4296875 0.5046875 0.4375 0.503125 0.4453125 0.5046875 0.4625 0.5015625 0.4671875 0.4984375 0.4640625 0.5015625 0.43125
3 0.521875 0.3578125 0.5234375 0.3578125 0.5234375 0.3625 0.515625 0.371875 0.5140625 0.38125 0.50625 0.3921875 0.5046875 0.4046875 0.5046875 0.4640625 0.509375 0.4703125 0.5078125 0.484375 0.5046875 0.4921875 0.5046875 0.515625 0.50625 0.5171875 0.5046875 0.55625 0.5078125 0.5609375 0.5078125 0.584375 0.50625 0.5859375 0.5078125 0.6125 0.5046875 0.615625 0.5046875 0.6203125 0.509375 0.625 0.50625 0.6328125 0.509375 0.6375 0.5078125 0.640625 0.509375 0.6515625 0.5046875 0.65625 0.503125 0.6625 0.503125 0.665625 0.5078125 0.6703125 0.5078125 0.675 0.5015625 0.6796875 0.4984375 0.69375 0.50625 0.696875 0.503125 0.7078125 0.5 0.7109375 0.5 0.725 0.50625 0.7265625 0.5078125 0.734375 0.5015625 0.7390625 0.4984375 0.7453125 0.5 0.75625 0.4953125 0.75625 0.4921875 0.753125 0.4921875 0.7484375 0.4984375 0.74375 0.496875 0.7390625 0.4984375 0.7265625 0.490625 0.7171875 0.4921875 0.7109375 0.496875 0.709375 0.4984375 0.6984375 0.49375 0.690625 0.49375 0.684375 0.4984375 0.678125 0.4984375 0.6703125 0.49375 0.659375 0.5 0.6546875 0.4984375 0.6515625 0.5 0.646875 0.496875 0.64375 0.4984375 0.6265625 0.4953125 0.6234375 0.4953125 0.6171875 0.4984375 0.6125 0.496875 0.6078125 0.4984375 0.5671875 0.4953125 0.55 0.496875 0.50625 0.4953125 0.5046875 0.496875 0.4890625 0.5 0.48125 0.496875 0.4578125 0.496875 0.4453125 0.5 0.4390625 0.5 0.4015625 0.5015625 0.3953125 0.5078125 0.3875 0.5078125 0.3796875 0.5109375 0.3734375 0.51875 0.3671875 0.521875 0.359375
3 0.5015625 0.453125 0.503125 0.4625 0.5015625 0.4671875 0.4984375 0.4640625 0.5015625 0.4546875
3 0.50625 0.5953125 0.00703125 0.0078125
3 0.5015625 0.4796875 0.5046875 0.48125 0.5046875 0.490625 0.5015625 0.4984375 0.4984375 0.4921875 0.5015625 0.48125
3 0.4984375 0.5234375 0.5046875 0.53125 0.503125 0.5390625 0.4984375 0.54375 0.496875 0.5421875 0.496875 0.5265625 0.4984375 0.525
3 0.4984375 0.821875 0.4984375 0.815625 0.5046875 0.80625 0.5109375 0.8078125 0.5109375 0.815625 0.5046875 0.821875 0.5 0.821875
3 0.4984375 0.446875 0.503125 0.45625 0.5015625 0.4609375 0.4984375 0.459375 0.496875 0.453125 0.4984375 0.4484375
3 0.5015625 0.4265625 0.5046875 0.428125 0.5046875 0.4328125 0.5015625 0.4359375 0.5015625 0.428125
3 0.5015625 0.6140625 0.503125 0.6203125 0.5078125 0.6234375 0.5078125 0.628125 0.50625 0.6296875 0.4984375 0.628125 0.496875 0.621875 0.5 0.6203125 0.4984375 0.6171875 0.5 0.615625
3 0.5015625 0.48125 0.5046875 0.484375 0.503125 0.490625 0.5 0.4921875 0.4984375 0.4875 0.5015625 0.4828125
3 0.50390625 0.66796875 0.01015625 0.0171875
3 0.4984375 0.4859375 0.5015625 0.4875 0.5 0.49375 0.5015625 0.50625 0.4984375 0.5078125 0.4953125 0.5015625 0.496875 0.4984375 0.4953125 0.49375 0.4984375 0.4875
3 0.5046875 0.7265625 0.50625 0.734375 0.503125 0.7375 0.496875 0.7375 0.5 0.728125 0.503125 0.7265625
3 0.5015625 0.484375 0.503125 0.4859375 0.5015625 0.4984375 0.5046875 0.5078125 0.503125 0.525 0.5015625 0.5265625 0.4984375 0.5171875 0.4984375 0.5125 0.5015625 0.5078125 0.5015625 0.4953125 0.4984375 0.4890625 0.5015625 0.4859375
3 0.5046875 0.4796875 0.5046875 0.4890625 0.503125 0.48125
3 0.5046875 0.5578125 0.5078125 0.5703125 0.5046875 0.571875 0.5 0.5640625 0.503125 0.559375
3 0.5046875 0.653125 0.503125 0.646875 0.509375 0.6453125 0.509375 0.6515625 0.50625 0.6515625
3 0.5046875 0.46875 0.50625 0.4703125 0.5046875 0.4796875 0.503125 0.4765625 0.5046875 0.4703125
3 0.5015625 0.65625 0.5015625 0.6640625 0.4953125 0.6625 0.4953125 0.6578125 0.5 0.65625
3 0.4984375 0.4453125 0.5015625 0.45625 0.4984375 0.45625 0.4953125 0.4515625 0.496875 0.446875
3 0.4984375 0.9609375 0.5015625 0.978125 0.4984375 0.984375 0.49375 0.9875 0.484375 0.9859375 0.48125 0.9734375 0.490625 0.959375 0.496875 0.9609375
3 0.496875 0.5125 0.5015625 0.5109375 0.503125 0.515625 0.5015625 0.521875 0.5046875 0.5265625 0.5046875 0.534375 0.5015625 0.5375 0.496875 0.5375 0.496875 0.5140625
3 0.4921875 0.8359375 0.5 0.834375 0.503125 0.840625 0.503125 0.8484375 0.496875 0.85 0.490625 0.8421875 0.4921875 0.8375
3 0.503125 0.453125 0.5 0.4453125 0.5 0.43125 0.503125 0.4296875 0.5046875 0.4328125 0.503125 0.44375 0.5046875 0.4515625