3 0.3625 0.6953125 0.365625 0.6890625 0.3671875 0.6890625 0.3671875 0.69375 0.3640625 0.6953125
3 0.259375 0.77265625 0.00703125 0.00859375
3 0.1953125 0.8546875 0.196875 0.8578125 0.19375 0.865625 0.1890625 0.8703125 0.184375 0.8703125 0.1875 0.859375 0.19375 0.85625
3 0.4453125 0.6234375 0.4453125 0.6203125 0.45 0.6171875 0.453125 0.6203125 0.446875 0.6234375
3 0.425 0.6421875 0.425 0.6390625 0.4296875 0.6359375 0.43125 0.6390625 0.4265625 0.6421875
3 0.4546875 0.609375 0.4578125 0.6046875 0.4640625 0.6015625 0.4640625 0.60625 0.4609375 0.6109375 0.459375 0.6125 0.45625 0.6109375
3 0.4390625 0.6359375 0.4421875 0.6296875 0.44375 0.6296875 0.44375 0.6359375 0.440625 0.6359375
3 0.203125 0.8375 0.2125 0.8359375 0.2109375 0.8421875 0.20625 0.846875 0.2015625 0.8453125 0.203125 0.8390625
3 0.3828125 0.68125 0.384375 0.675 0.3875 0.675 0.384375 0.68125
3 0.3453125 0.703125 0.3484375 0.7046875 0.3484375 0.7078125 0.3421875 0.709375 0.34375 0.7046875
3 0.1609375 0.89375 0.165625 0.9015625 0.1640625 0.9078125 0.1578125 0.9109375 0.159375 0.8953125
3 0.328125 0.7109375 0.334375 0.709375 0.334375 0.7140625 0.328125 0.715625 0.328125 0.7125
3 0.2921875 0.7421875 0.2921875 0.7453125 0.2859375 0.75 0.284375 0.7484375 0.2859375 0.7453125 0.290625 0.7421875
3 0.2859375 0.7515625 0.2875 0.7546875 0.2859375 0.7578125 0.28125 0.759375 0.28125 0.7546875 0.284375 0.753125
3 0.3125 0.7265625 0.3125 0.7296875 0.3078125 0.7328125 0.3078125 0.728125 0.3109375 0.7265625
3 0.1671875 0.8796875 0.171875 0.8765625 0.178125 0.8765625 0.16875 0.890625 0.1640625 0.890625 0.1640625 0.8828125 0.1671875 0.88125
3 0.3015625 0.7421875 0.3046875 0.7359375 0.30625 0.7359375 0.30625 0.740625 0.303125 0.7421875
3 0.484375 0.575 0.4828125 0.58125 0.478125 0.58125 0.478125 0.578125 0.4828125 0.5765625
3 0.265625 0.7640625 0.265625 0.7609375 0.2703125 0.7578125 0.271875 0.7609375 0.2671875 0.7640625
3 0.1265625 0.95 0.128125 0.95 0.1265625 0.9671875 0.1234375 0.971875 0.1203125 0.9734375 0.11875 0.971875 0.1203125 0.9609375 0.1265625 0.9515625
3 0.36875 0.6828125 0.375 0.68125 0.371875 0.6859375 0.3671875 0.6859375 0.36875 0.684375
3 0.478125 0.584375 0.478125 0.5890625 0.475 0.59375 0.471875 0.59375 0.4703125 0.590625 0.4765625 0.584375
3 0.2421875 0.7859375 0.2453125 0.7859375 0.2453125 0.790625 0.2421875 0.7921875 0.240625 0.790625 0.2421875 0.7875
3 0.2078125 0.8359375 0.2140625 0.8375 0.2109375 0.8421875 0.2078125 0.840625 0.2078125 0.8375
3 0.3546875 0.6953125 0.3546875 0.6984375 0.35 0.7015625 0.3484375 0.7 0.353125 0.6953125
3 0.321875 0.725 0.325 0.71875 0.328125 0.7203125 0.3265625 0.725 0.321875 0.7265625
3 0.4078125 0.65625 0.4078125 0.6625 0.4015625 0.6640625 0.4015625 0.6609375 0.40625 0.6578125
3 0.140625 0.9453125 0.14375 0.9484375 0.14375 0.953125 0.1390625 0.9578125 0.1328125 0.959375 0.13125 0.953125 0.1328125 0.95 0.1390625 0.946875
3 0.1203125 0.9765625 0.1203125 0.9890625 0.1140625 0.9921875 0.1140625 0.9828125 0.11875 0.978125
3 0.4625 0.6109375 0.4640625 0.6125 0.4609375 0.6171875 0.4578125 0.6171875 0.4578125 0.6125 0.4609375 0.6109375
3 0.39375 0.6640625 0.3953125 0.6671875 0.390625 0.6703125 0.3890625 0.6671875 0.3921875 0.665625
3 0.425 0.64375 0.425 0.6484375 0.4203125 0.6515625 0.4203125 0.646875 0.4234375 0.6453125
3 0.1609375 0.9 0.1640625 0.9 0.1625 0.91875 0.159375 0.925 0.1546875 0.921875 0.1546875 0.9125 0.1609375 0.9015625
3 0.48125 0.584375 0.48125 0.5890625 0.471875 0.5984375 0.4703125 0.5984375 0.471875 0.5875 0.475 0.584375 0.4796875 0.584375
3 0.14375 0.94375 0.14375 0.9359375 0.146875 0.9328125 0.1515625 0.9375 0.15 0.9421875 0.146875 0.9453125 0.1453125 0.94375
4 0.50625 0.5359375 0.5265625 0.5359375 0.5265625 0.5609375 0.50625 0.5609375 0.50625 0.5375