3 0.5265625 0.6578125 0.5328125 0.6515625 0.5359375 0.6546875 0.5328125 0.6578125 0.528125 0.6578125
3 0.58515625 0.5578125 0.0046875 0.00703125
3 0.58671875 0.53515625 0.00390625 0.00546875
3 0.659375 0.484375 0.665625 0.48125 0.665625 0.4859375 0.6640625 0.4875 0.6609375 0.4859375
3 0.6921875 0.4703125 0.00703125 0.00703125
3 0.6546875 0.48828125 0.0046875 0.00625
3 0.61640625 0.51328125 0.00390625 0.00625
3 0.58203125 0.553125 0.0046875 0.00625
3 0.69921875 0.4625 0.00703125 0.00625
3 0.54375 0.6328125 0.54375 0.6390625 0.540625 0.6390625 0.5421875 0.634375
3 0.5578125 0.6171875 0.00625 0.00703125
3 0.54375 0.621875 0.5453125 0.6234375 0.54375 0.628125 0.540625 0.628125 0.5421875 0.6234375
3 0.53046875 0.64375 0.00703125 0.00625
3 0.55625 0.6109375 0.00546875 0.01171875
3 0.5984375 0.5234375 0.6015625 0.5234375 0.6 0.5296875 0.596875 0.528125 0.5984375 0.525
3 0.67890625 0.478125 0.00546875 0.00703125
3 0.640625 0.4921875 0.64375 0.4921875 0.6421875 0.496875 0.6390625 0.496875 0.640625 0.49375
3 0.5984375 0.5265625 0.6 0.5203125 0.6015625 0.5203125 0.6 0.5265625
3 0.51640625 0.66015625 0.00546875 0.00625
3 0.7171875 0.45234375 0.00625 0.00703125
3 0.5828125 0.571875 0.00546875 0.009375
3 0.56875 0.59921875 0.00625 0.00703125
3 0.57890625 0.584375 0.00546875 0.00703125
3 0.56796875 0.59296875 0.00625 0.009375
3 0.57734375 0.5765625 0.0046875 0.00625
3 0.51875 0.66875 0.51875 0.675 0.5140625 0.6765625 0.5109375 0.675 0.5109375 0.671875 0.5171875 0.66875
3 0.73203125 0.44140625 0.00546875 0.00625
3 0.6171875 0.50703125 0.00546875 0.00625
3 0.628125 0.5046875 0.6296875 0.5 0.634375 0.496875 0.6359375 0.5015625 0.6296875 0.50625
3 0.49453125 0.6828125 0.01171875 0.009375
1 0.4375 0.5515625 0.4453125 0.546875 0.459375 0.5484375 0.465625 0.54375 0.5 0.5515625 0.5046875 0.55625 0.5046875 0.58125 0.50625 0.5828125 0.50625 0.5890625 0.5015625 0.5953125 0.4984375 0.628125 0.4921875 0.63125 0.4890625 0.6375 0.4890625 0.6546875 0.4859375 0.6578125 0.46875 0.659375 0.4640625 0.6640625 0.45625 0.6765625 0.453125 0.69375 0.44375 0.70625 0.4328125 0.6984375 0.4015625 0.6953125 0.3953125 0.690625 0.390625 0.690625 0.3875 0.6875 0.3828125 0.66875 0.3828125 0.6546875 0.3875 0.628125 0.4 0.609375 0.40625 0.6046875 0.4046875 0.5890625 0.409375 0.5890625 0.4140625 0.584375 0.421875 0.56875 0.4375 0.553125