3 0.6484375 0.5015625 0.646875 0.5078125 0.6421875 0.50625 0.646875 0.5015625
3 0.41875 0.865625 0.4171875 0.8578125 0.425 0.8453125 0.4296875 0.85 0.4296875 0.8625 0.425 0.8671875 0.4203125 0.865625
3 0.5796875 0.621875 0.578125 0.6265625 0.571875 0.6265625 0.5734375 0.621875 0.578125 0.621875
3 0.5953125 0.578125 0.5984375 0.578125 0.596875 0.584375 0.5953125 0.584375 0.5953125 0.5796875
3 0.5140625 0.6890625 0.515625 0.6921875 0.509375 0.6953125 0.50625 0.69375 0.50625 0.690625 0.5125 0.6890625
3 0.75625 0.4390625 0.00625 0.00859375
3 0.6578125 0.49375 0.659375 0.5 0.6546875 0.4984375 0.65625 0.4953125
3 0.7171875 0.4640625 0.00546875 0.00703125
3 0.4640625 0.7484375 0.465625 0.7421875 0.471875 0.7359375 0.475 0.7375 0.4734375 0.7453125 0.4703125 0.7484375 0.465625 0.7484375
3 0.6859375 0.48125 0.6859375 0.484375 0.678125 0.4890625 0.6765625 0.4875 0.68125 0.4828125 0.684375 0.4828125
3 0.6015625 0.559375 0.6046875 0.559375 0.6078125 0.5640625 0.60625 0.5703125 0.6 0.571875 0.5984375 0.5671875 0.6015625 0.5609375
3 0.575 0.6109375 0.5796875 0.615625 0.5796875 0.6234375 0.575 0.6265625 0.5703125 0.6265625 0.5703125 0.6171875 0.5734375 0.6125
3 0.478125 0.7171875 0.4828125 0.7171875 0.484375 0.7203125 0.4796875 0.7234375 0.478125 0.71875
3 0.5 0.7046875 0.4953125 0.7140625 0.4921875 0.7140625 0.490625 0.709375 0.4984375 0.7046875
3 0.621875 0.525 0.6234375 0.5265625 0.61875 0.534375 0.615625 0.534375 0.615625 0.528125 0.6203125 0.525
3 0.71875 0.4609375 0.7171875 0.4671875 0.7125 0.4671875 0.7125 0.4640625 0.7171875 0.4609375
3 0.7171875 0.4625 0.71875 0.465625 0.7109375 0.471875 0.709375 0.46875 0.715625 0.4640625
3 0.6578125 0.4953125 0.6578125 0.4984375 0.6515625 0.50625 0.646875 0.5046875 0.646875 0.5 0.6515625 0.4953125 0.65625 0.4953125
3 0.55 0.6484375 0.5515625 0.6546875 0.55 0.6640625 0.546875 0.66875 0.54375 0.66875 0.54375 0.665625 0.5453125 0.653125 0.5484375 0.65
3 0.4765625 0.721875 0.478125 0.7234375 0.4734375 0.728125 0.4703125 0.7265625 0.4703125 0.7234375 0.475 0.721875
3 0.4703125 0.725 0.4765625 0.71875 0.48125 0.7171875 0.4828125 0.721875 0.478125 0.7265625 0.471875 0.7265625
3 0.45625 0.7546875 0.4578125 0.75625 0.45625 0.765625 0.4515625 0.76875 0.446875 0.76875 0.4453125 0.765625 0.4546875 0.75625
3 0.440625 0.8125 0.4421875 0.8171875 0.4390625 0.8234375 0.43125 0.828125 0.425 0.828125 0.4234375 0.8234375 0.4359375 0.8109375 0.4390625 0.8125
3 0.5984375 0.5796875 0.6015625 0.571875 0.6046875 0.575 0.6 0.5796875
3 0.63125 0.50625 0.634375 0.50625 0.63125 0.5140625 0.6296875 0.5140625 0.63125 0.5078125
3 0.60625 0.5390625 0.0046875 0.0078125
3 0.6703125 0.49140625 0.00703125 0.00703125
3 0.5859375 0.609375 0.584375 0.603125 0.5875 0.5953125 0.5890625 0.5953125 0.5890625 0.609375 0.5875 0.609375
3 0.6 0.5546875 0.603125 0.5546875 0.60625 0.5609375 0.6015625 0.5625 0.6 0.55625
3 0.45 0.78125 0.453125 0.7828125 0.453125 0.7953125 0.4515625 0.796875 0.4453125 0.7953125 0.4453125 0.7875 0.4484375 0.7828125
3 0.5046875 0.696875 0.5015625 0.7046875 0.496875 0.703125 0.503125 0.696875
3 0.7484375 0.4390625 0.7546875 0.4390625 0.7546875 0.4421875 0.7484375 0.446875 0.7453125 0.4453125 0.7453125 0.4421875 0.7484375 0.440625
3 0.3765625 0.9828125 0.3796875 0.9875 0.378125 0.9921875 0.36875 0.9984375 0.3609375 0.9984375 0.3609375 0.996875 0.3703125 0.984375 0.375 0.9828125
3 0.7171875 0.4609375 0.71875 0.4625 0.7171875 0.4671875 0.7109375 0.46875 0.715625 0.4625
3 0.56015625 0.64296875 0.00859375 0.01015625
3 0.7125 0.4671875 0.7140625 0.4671875 0.7125 0.4703125 0.70625 0.475 0.70625 0.4703125 0.7109375 0.4671875
3 0.54375 0.65078125 0.07109375 0.08359375
3 0.5609375 0.63125 0.00625 0.00703125
3 0.5015625 0.7 0.503125 0.7015625 0.5015625 0.7078125 0.49375 0.7140625 0.490625 0.7109375 0.5 0.7015625
3 0.7328125 0.453125 0.7390625 0.45 0.7390625 0.4546875 0.7375 0.45625 0.734375 0.4546875
3 0.5875 0.5953125 0.5890625 0.5953125 0.590625 0.6046875 0.5890625 0.609375 0.584375 0.6078125 0.5875 0.596875
3 0.6296875 0.5140625 0.6328125 0.5140625 0.63125 0.5203125 0.628125 0.51875 0.6296875 0.515625
3 0.5953125 0.59375 0.5953125 0.5890625 0.596875 0.5875 0.6 0.5890625 0.6 0.5921875 0.5953125 0.5953125
3 0.40625 0.884375 0.409375 0.890625 0.4015625 0.9046875 0.3953125 0.909375 0.390625 0.9078125 0.390625 0.8984375 0.4 0.8859375 0.4046875 0.884375
3 0.69375 0.4828125 0.6953125 0.4765625 0.6984375 0.478125 0.6953125 0.4828125
3 0.3890625 0.95625 0.39375 0.934375 0.4 0.9328125 0.4015625 0.934375 0.4 0.9375 0.4015625 0.9546875 0.3953125 0.9609375 0.390625 0.9609375 0.390625 0.9578125
4 0.5359375 0.5296875 0.540625 0.5296875 0.546875 0.5515625 0.559375 0.571875 0.559375 0.575 0.5546875 0.575 0.5515625 0.578125 0.553125 0.5796875 0.553125 0.6015625 0.5515625 0.6125 0.546875 0.6171875 0.55 0.6578125 0.546875 0.6625 0.54375 0.6546875 0.5390625 0.6640625 0.5390625 0.66875 0.5328125 0.671875 0.5359375 0.6546875 0.5328125 0.640625 0.53125 0.5953125 0.5296875 0.59375 0.528125 0.5953125 0.528125 0.6078125 0.525 0.6109375 0.525 0.5875 0.5296875 0.5578125 0.5359375 0.55 0.534375 0.5484375 0.534375 0.5328125 0.5359375 0.53125