3 0.4703125 0.309375 0.475 0.31875 0.475 0.3234375 0.4796875 0.328125 0.4796875 0.3328125 0.478125 0.334375 0.4734375 0.3296875 0.46875 0.3109375
3 0.4578125 0.2921875 0.4640625 0.29375 0.4703125 0.3015625 0.4703125 0.3109375 0.4671875 0.309375 0.4671875 0.30625 0.4578125 0.29375
3 0.4875 0.35625 0.49375 0.359375 0.4953125 0.3640625 0.4953125 0.3671875 0.490625 0.36875 0.4875 0.365625 0.4890625 0.3640625 0.4875 0.3578125
3 0.478125 0.3140625 0.484375 0.3234375 0.4859375 0.334375 0.484375 0.3359375 0.484375 0.3328125 0.478125 0.3265625 0.4765625 0.315625
3 0.503125 0.496875 0.50625 0.5015625 0.5046875 0.503125 0.50625 0.515625 0.5015625 0.5171875 0.4984375 0.515625 0.5 0.509375 0.4890625 0.503125 0.490625 0.496875 0.5015625 0.496875
3 0.48125 0.3546875 0.4828125 0.3484375 0.475 0.3421875 0.478125 0.3375 0.4828125 0.3375 0.4875 0.3453125 0.4875 0.3546875 0.484375 0.35625 0.4828125 0.3546875
3 0.4703125 0.3125 0.475 0.325 0.4796875 0.3296875 0.4796875 0.334375 0.475 0.3375 0.4703125 0.325 0.46875 0.3171875 0.4703125 0.3140625
3 0.5015625 0.4015625 0.5046875 0.403125 0.5046875 0.40625 0.5 0.4078125 0.5 0.403125
3 0.5265625 0.6796875 0.5328125 0.696875 0.525 0.7015625 0.5203125 0.7015625 0.5140625 0.6984375 0.5125 0.6953125 0.5125 0.6875 0.5203125 0.6796875 0.525 0.6796875
3 0.5140625 0.56875 0.01796875 0.0171875
3 0.4703125 0.3 0.475 0.30625 0.4734375 0.321875 0.4703125 0.3203125 0.465625 0.303125 0.46875 0.3
3 0.4859375 0.3765625 0.490625 0.3796875 0.4890625 0.3828125 0.48125 0.38125 0.48125 0.378125 0.484375 0.3765625
3 0.5078125 0.484375 0.5109375 0.490625 0.509375 0.49375 0.5046875 0.4953125 0.5078125 0.5015625 0.5015625 0.5046875 0.490625 0.503125 0.490625 0.4984375 0.496875 0.4921875 0.4953125 0.4875 0.4984375 0.484375 0.50625 0.484375
3 0.4953125 0.3796875 0.4984375 0.3796875 0.5 0.3828125 0.4984375 0.3890625 0.4953125 0.390625 0.4921875 0.3875 0.4953125 0.38125
3 0.4890625 0.4015625 0.496875 0.39375 0.4984375 0.39375 0.4984375 0.4015625 0.490625 0.4015625
3 0.4765625 0.3296875 0.4796875 0.3296875 0.484375 0.3359375 0.4828125 0.340625 0.475 0.340625 0.4765625 0.33125
3 0.5046875 0.5078125 0.509375 0.5078125 0.5125 0.5125 0.5109375 0.515625 0.503125 0.515625 0.5046875 0.509375
3 0.45625 0.2859375 0.4640625 0.2890625 0.471875 0.296875 0.4734375 0.303125 0.4734375 0.3078125 0.4703125 0.3078125 0.4625 0.3 0.45625 0.2875
3 0.4875 0.3484375 0.4890625 0.3515625 0.4875 0.35625 0.48125 0.3546875 0.48125 0.3515625 0.4859375 0.3484375
3 0.5671875 0.7734375 0.5765625 0.7796875 0.5765625 0.8 0.56875 0.8015625 0.5640625 0.8 0.5609375 0.7953125 0.5609375 0.7828125 0.565625 0.775
3 0.4890625 0.3609375 0.4953125 0.3625 0.4953125 0.3734375 0.490625 0.3703125 0.4890625 0.3625
3 0.4625 0.2890625 0.471875 0.296875 0.471875 0.3 0.4765625 0.3046875 0.475 0.3140625 0.471875 0.3140625 0.4640625 0.3 0.4625 0.290625
3 0.5171875 0.615625 0.5203125 0.61875 0.5203125 0.6234375 0.515625 0.63125 0.5078125 0.63125 0.50625 0.628125 0.5078125 0.61875 0.5109375 0.615625 0.515625 0.615625
3 0.46875 0.309375 0.471875 0.3109375 0.475 0.325 0.478125 0.328125 0.478125 0.33125 0.4734375 0.3296875 0.4703125 0.3234375 0.46875 0.3109375
3 0.603125 0.9125 0.6171875 0.9234375 0.621875 0.9359375 0.6171875 0.946875 0.6078125 0.95625 0.6015625 0.95625 0.5890625 0.94375 0.5859375 0.9375 0.5859375 0.93125 0.5921875 0.91875 0.6015625 0.9125
3 0.4453125 0.2859375 0.4578125 0.2859375 0.465625 0.29375 0.465625 0.2984375 0.4609375 0.3 0.4453125 0.2875
3 0.49609375 0.525 0.0171875 0.0125
3 0.4796875 0.325 0.4859375 0.3375 0.484375 0.3390625 0.48125 0.3375 0.4765625 0.328125 0.478125 0.3265625
3 0.46875 0.30625 0.475 0.309375 0.478125 0.3203125 0.478125 0.328125 0.471875 0.3234375 0.46875 0.3078125
3 0.48125 0.3234375 0.4875 0.334375 0.4875 0.3421875 0.490625 0.35 0.4875 0.3484375 0.48125 0.3328125 0.4765625 0.328125 0.4765625 0.325 0.4796875 0.3234375
3 0.5015625 0.446875 0.50625 0.446875 0.5046875 0.453125 0.5 0.4515625 0.5015625 0.4484375
3 0.4984375 0.453125 0.5015625 0.459375 0.5 0.4640625 0.4875 0.4625 0.4875 0.4578125 0.496875 0.4546875
3 0.4890625 0.38125 0.4953125 0.3875 0.4921875 0.3921875 0.4890625 0.3921875 0.4875 0.390625 0.4890625 0.3828125
3 0.48125 0.3265625 0.484375 0.328125 0.4875 0.334375 0.4921875 0.353125 0.4875 0.3546875 0.484375 0.3484375 0.4828125 0.3328125 0.4796875 0.328125
3 0.459375 0.2875 0.471875 0.3 0.4703125 0.3078125 0.459375 0.2953125 0.459375 0.2890625
3 0.45625 0.2875 0.4640625 0.2890625 0.4703125 0.296875 0.471875 0.3 0.4703125 0.309375 0.4578125 0.2953125 0.4578125 0.2890625
3 0.4953125 0.3625 0.496875 0.3640625 0.4953125 0.3703125 0.4890625 0.3671875 0.49375 0.3625
3 0.459375 0.2875 0.4703125 0.2953125 0.4734375 0.3046875 0.4703125 0.3078125 0.465625 0.303125 0.459375 0.29375 0.459375 0.2890625
3 0.5296875 0.6546875 0.5359375 0.6609375 0.5359375 0.6671875 0.5328125 0.6734375 0.5296875 0.675 0.5234375 0.675 0.515625 0.6671875 0.5171875 0.6609375 0.528125 0.6546875
3 0.4984375 0.5046875 0.5109375 0.509375 0.5109375 0.5140625 0.5046875 0.5171875 0.5 0.5140625 0.4984375 0.50625
3 0.4859375 0.36875 0.01171875 0.00625
3 0.540625 0.7265625 0.5390625 0.71875 0.5453125 0.7078125 0.55 0.7078125 0.553125 0.7109375 0.5546875 0.7203125 0.55 0.728125 0.5421875 0.7265625
3 0.490625 0.40546875 0.0109375 0.021875
3 0.4984375 0.4953125 0.503125 0.496875 0.5046875 0.503125 0.5015625 0.50625 0.4921875 0.5046875 0.4890625 0.5 0.4921875 0.496875 0.496875 0.496875
3 0.4765625 0.328125 0.48125 0.3265625 0.4875 0.3359375 0.490625 0.3515625 0.4859375 0.3546875 0.4828125 0.3453125 0.4828125 0.3359375 0.478125 0.3296875
3 0.4921875 0.4328125 0.4953125 0.4328125 0.4953125 0.440625 0.4984375 0.446875 0.496875 0.4515625 0.49375 0.453125 0.4890625 0.4515625 0.490625 0.446875 0.4875 0.440625 0.4921875 0.4390625 0.4921875 0.434375
3 0.5109375 0.5796875 0.515625 0.5859375 0.5140625 0.5921875 0.5015625 0.5921875 0.4984375 0.5890625 0.5015625 0.5828125 0.509375 0.5796875
3 0.4734375 0.325 0.4828125 0.3328125 0.484375 0.3375 0.48125 0.3421875 0.475 0.3421875 0.4734375 0.3265625
3 0.4734375 0.3015625 0.4828125 0.3171875 0.4828125 0.325 0.4765625 0.321875 0.471875 0.3109375 0.4734375 0.303125
3 0.5140625 0.6359375 0.51875 0.6453125 0.5140625 0.6515625 0.503125 0.6515625 0.496875 0.6453125 0.496875 0.640625 0.5 0.6375 0.50625 0.634375 0.5125 0.6359375
3 0.50078125 0.39375 0.00546875 0.00625
3 0.484375 0.3375 0.4890625 0.34375 0.4890625 0.3515625 0.4875 0.35625 0.484375 0.3578125 0.48125 0.3453125 0.484375 0.3390625
3 0.471875 0.3078125 0.4796875 0.315625 0.484375 0.325 0.484375 0.3359375 0.475 0.3265625 0.471875 0.31875 0.471875 0.309375
3 0.484375 0.3375 0.490625 0.3484375 0.4890625 0.3578125 0.4875 0.359375 0.4828125 0.35625 0.48125 0.34375 0.484375 0.3390625
3 0.484375 0.334375 0.4875 0.3375 0.490625 0.3484375 0.4875 0.3546875 0.484375 0.3546875 0.484375 0.3484375 0.48125 0.3453125 0.4828125 0.3359375
3 0.4734375 0.309375 0.4796875 0.315625 0.4859375 0.3328125 0.484375 0.3375 0.4828125 0.3328125 0.4734375 0.3234375 0.4734375 0.3109375
3 0.55625 0.790625 0.05234375 0.1046875
3 0.4953125 0.3890625 0.4953125 0.39375 0.4890625 0.4 0.49375 0.390625
3 0.4921875 0.39765625 0.0125 0.04296875
3 0.496875 0.409375 0.4953125 0.4078125 0.4921875 0.4109375 0.49375 0.4140625 0.496875 0.4140625 0.4921875 0.415625 0.4875 0.4140625 0.4890625 0.4078125 0.4875 0.3984375 0.490625 0.3953125 0.4953125 0.3953125 0.4953125 0.40625 0.4984375 0.4078125
3 0.4703125 0.3171875 0.484375 0.3328125 0.484375 0.3390625 0.475 0.3390625 0.4703125 0.31875
3 0.4875 0.4109375 0.4953125 0.4078125 0.4984375 0.409375 0.496875 0.415625 0.4875 0.415625 0.4875 0.4125
3 0.50625 0.546875 0.5109375 0.5515625 0.509375 0.559375 0.49375 0.5578125 0.49375 0.5515625 0.5046875 0.546875
3 0.48125 0.3671875 0.4875 0.3671875 0.49375 0.3734375 0.490625 0.384375 0.4953125 0.3875 0.4953125 0.390625 0.4890625 0.3921875 0.4890625 0.384375 0.4828125 0.378125 0.4796875 0.3703125 0.48125 0.36875
3 0.484375 0.3359375 0.490625 0.3484375 0.4875 0.3546875 0.484375 0.35625 0.484375 0.3484375 0.48125 0.3453125 0.4828125 0.3375
3 0.4484375 0.2859375 0.4578125 0.2859375 0.4671875 0.2953125 0.4671875 0.2984375 0.4625 0.3 0.4515625 0.2921875 0.4484375 0.2875
3 0.4765625 0.3140625 0.48125 0.3171875 0.4875 0.3328125 0.4875 0.3390625 0.48125 0.3359375 0.475 0.321875 0.4765625 0.315625
3 0.4734375 0.3046875 0.48125 0.3125 0.484375 0.3203125 0.484375 0.328125 0.4765625 0.321875 0.4734375 0.30625
3 0.4890625 0.359375 0.4953125 0.359375 0.496875 0.3640625 0.496875 0.3734375 0.49375 0.3734375 0.4875 0.3671875 0.4890625 0.3609375
3 0.49140625 0.4265625 0.0125 0.009375
3 0.4703125 0.30625 0.4765625 0.309375 0.4828125 0.325 0.48125 0.328125 0.478125 0.328125 0.4734375 0.3234375 0.4703125 0.315625 0.4703125 0.3078125
3 0.4671875 0.2984375 0.4734375 0.30625 0.471875 0.3109375 0.4734375 0.3203125 0.4703125 0.3203125 0.4671875 0.30625 0.4625 0.3 0.465625 0.2984375
3 0.4953125 0.4640625 0.49375 0.45625 0.496875 0.4515625 0.5015625 0.4546875 0.503125 0.459375 0.5015625 0.4640625 0.496875 0.4640625
3 0.475 0.3375 0.4796875 0.3390625 0.4828125 0.346875 0.4875 0.3515625 0.4859375 0.3546875 0.48125 0.35625 0.4796875 0.3515625 0.4828125 0.3484375 0.475 0.3453125 0.4734375 0.3421875 0.475 0.3390625
3 0.490625 0.3515625 0.496875 0.3625 0.4953125 0.3703125 0.4890625 0.3671875 0.4875 0.359375 0.490625 0.353125
3 0.48359375 0.3515625 0.009375 0.01328125
3 0.4890625 0.4390625 0.496875 0.4359375 0.4984375 0.440625 0.496875 0.4453125 0.4875 0.44375 0.4890625 0.440625
3 0.4671875 0.29375 0.471875 0.296875 0.48125 0.3140625 0.478125 0.3171875 0.4734375 0.315625 0.4703125 0.3109375 0.46875 0.2953125
3 0.4984375 0.43125 0.5046875 0.43125 0.5046875 0.4359375 0.5015625 0.4375 0.4984375 0.4359375 0.4984375 0.4328125
3 0.465625 0.296875 0.46875 0.296875 0.475 0.3046875 0.4734375 0.315625 0.4703125 0.315625 0.4640625 0.3 0.465625 0.2984375
3 0.51875 0.5625 0.521875 0.565625 0.521875 0.571875 0.51875 0.575 0.509375 0.5734375 0.509375 0.56875 0.5171875 0.5625
3 0.5 0.4734375 0.503125 0.48125 0.5015625 0.484375 0.4890625 0.48125 0.490625 0.475 0.4984375 0.4734375
3 0.4765625 0.3390625 0.484375 0.3375 0.4890625 0.346875 0.4890625 0.353125 0.4875 0.35625 0.484375 0.35625 0.48125 0.3546875 0.4828125 0.3484375 0.475 0.3421875 0.4765625 0.340625
3 0.4546875 0.2859375 0.459375 0.2859375 0.4703125 0.296875 0.4703125 0.3015625 0.4671875 0.303125 0.45625 0.29375 0.4546875 0.2875
3 0.4921875 0.353125 0.496875 0.3609375 0.496875 0.36875 0.49375 0.36875 0.4890625 0.359375 0.490625 0.3546875
3 0.4953125 0.4390625 0.4984375 0.440625 0.496875 0.4453125 0.4875 0.44375 0.4890625 0.4390625 0.49375 0.4390625
3 0.490625 0.3734375 0.49375 0.3765625 0.4953125 0.3859375 0.49375 0.390625 0.490625 0.390625 0.4859375 0.3796875 0.4859375 0.3765625 0.4890625 0.375
3 0.4640625 0.2921875 0.471875 0.2984375 0.4765625 0.30625 0.475 0.315625 0.4734375 0.3171875 0.4703125 0.315625 0.4625 0.29375
3 0.4734375 0.3203125 0.48125 0.328125 0.484375 0.3359375 0.484375 0.3390625 0.475 0.3390625 0.4765625 0.334375 0.4734375 0.33125 0.471875 0.325 0.4734375 0.321875
3 0.4890625 0.4421875 0.4984375 0.434375 0.5 0.44375 0.4984375 0.4453125 0.490625 0.44375
3 0.4734375 0.3203125 0.4828125 0.3265625 0.4859375 0.3359375 0.484375 0.3421875 0.48125 0.3390625 0.48125 0.3359375 0.4734375 0.328125 0.4734375 0.321875
3 0.490625 0.45625 0.4953125 0.459375 0.4984375 0.4578125 0.496875 0.4625 0.49375 0.4640625 0.4875 0.4625 0.4875 0.4578125 0.4890625 0.4578125
3 0.4796875 0.325 0.4828125 0.325 0.4875 0.3328125 0.490625 0.3453125 0.490625 0.35 0.484375 0.3453125 0.478125 0.328125 0.4796875 0.3265625
3 0.4796875 0.3265625 0.4703125 0.3140625 0.471875 0.303125 0.48125 0.3125 0.4828125 0.31875 0.4828125 0.328125 0.48125 0.3265625
3 0.4765625 0.3109375 0.48125 0.3140625 0.4859375 0.328125 0.484375 0.3328125 0.4765625 0.321875 0.4765625 0.3125
3 0.521875 0.596875 0.5265625 0.5984375 0.5265625 0.6078125 0.521875 0.6109375 0.5125 0.609375 0.5125 0.6015625 0.5203125 0.596875
3 0.47265625 0.31328125 0.01171875 0.021875
3 0.4890625 0.40625 0.4875 0.4046875 0.4890625 0.3984375 0.490625 0.3984375 0.4890625 0.4046875
3 0.45 0.2859375 0.459375 0.2859375 0.46875 0.296875 0.4671875 0.303125 0.4578125 0.296875 0.45 0.2875
3 0.45625 0.2859375 0.4640625 0.2890625 0.4703125 0.2953125 0.4734375 0.303125 0.4734375 0.30625 0.4703125 0.3078125 0.459375 0.2953125 0.45625 0.2875
3 0.4765625 0.3125 0.4796875 0.3140625 0.4859375 0.328125 0.484375 0.334375 0.484375 0.33125 0.4796875 0.328125 0.4765625 0.3234375 0.4765625 0.3140625
3 0.48125 0.3703125 0.4859375 0.3671875 0.490625 0.3671875 0.4953125 0.3734375 0.4921875 0.38125 0.4890625 0.3796875 0.4875 0.3734375 0.4828125 0.3703125
3 0.4703125 0.3015625 0.475 0.3078125 0.4765625 0.315625 0.475 0.3265625 0.4703125 0.3203125 0.4671875 0.30625 0.46875 0.303125
3 0.5984375 0.8609375 0.6078125 0.86875 0.609375 0.8734375 0.6078125 0.890625 0.6046875 0.89375 0.5921875 0.89375 0.5875 0.88125 0.5890625 0.8703125 0.5921875 0.8640625 0.596875 0.8609375
3 0.478125 0.31875 0.4828125 0.321875 0.4859375 0.328125 0.4875 0.340625 0.484375 0.3390625 0.4828125 0.3328125 0.478125 0.328125 0.4765625 0.3203125
3 0.4703125 0.2984375 0.4765625 0.3046875 0.48125 0.3140625 0.48125 0.3234375 0.4734375 0.3203125 0.46875 0.3078125 0.4703125 0.3
3 0.475 0.3359375 0.4796875 0.3375 0.4859375 0.3515625 0.484375 0.3546875 0.4796875 0.353125 0.48125 0.3484375 0.4734375 0.34375 0.475 0.3375
3 0.4578125 0.2859375 0.471875 0.296875 0.4765625 0.3078125 0.4703125 0.3109375 0.4578125 0.2875
3 0.4953125 0.4453125 0.4953125 0.4484375 0.5015625 0.453125 0.503125 0.459375 0.5015625 0.4625 0.49375 0.4640625 0.4921875 0.4578125 0.49375 0.446875
3 0.475 0.3109375 0.48125 0.3140625 0.4875 0.3359375 0.4875 0.3390625 0.484375 0.3390625 0.48125 0.334375 0.475 0.3203125 0.475 0.3125
3 0.4984375 0.471875 0.503125 0.4734375 0.503125 0.478125 0.509375 0.490625 0.5 0.4921875 0.49375 0.4875 0.496875 0.4796875 0.4953125 0.4734375 0.496875 0.4734375
3 0.4703125 0.2953125 0.4765625 0.303125 0.48125 0.3171875 0.478125 0.31875 0.4703125 0.3109375 0.46875 0.296875
3 0.48125 0.340625 0.490625 0.3515625 0.4875 0.3578125 0.48125 0.3546875 0.484375 0.3484375 0.484375 0.34375 0.48125 0.3421875
3 0.4703125 0.309375 0.475 0.3296875 0.478125 0.3328125 0.4703125 0.321875 0.46875 0.3109375
3 0.475 0.321875 0.484375 0.325 0.490625 0.346875 0.4890625 0.35 0.484375 0.3453125 0.4828125 0.3359375 0.4765625 0.3296875 0.475 0.3234375
3 0.5171875 0.5625 0.5203125 0.5640625 0.521875 0.5703125 0.515625 0.5765625 0.5078125 0.575 0.5046875 0.5640625 0.515625 0.5625
3 0.559375 0.8203125 0.571875 0.8140625 0.58125 0.8234375 0.584375 0.8328125 0.584375 0.8421875 0.58125 0.8453125 0.5734375 0.8484375 0.5640625 0.8484375 0.5546875 0.8375 0.5546875 0.8265625 0.559375 0.821875
3 0.4703125 0.296875 0.48125 0.3125 0.4828125 0.31875 0.4828125 0.3234375 0.48125 0.3234375 0.471875 0.3140625 0.4703125 0.2984375
3 0.4953125 0.375 0.5 0.3796875 0.5 0.3859375 0.4953125 0.390625 0.4921875 0.3875 0.4953125 0.3765625
3 0.5515625 0.7078125 0.5578125 0.7171875 0.5578125 0.721875 0.55 0.7296875 0.5421875 0.728125 0.53125 0.7203125 0.5328125 0.7125 0.5390625 0.7078125 0.54375 0.70625 0.55 0.7078125
3 0.4890625 0.396875 0.496875 0.39375 0.4984375 0.3984375 0.496875 0.403125 0.4984375 0.4125 0.4921875 0.4140625 0.4890625 0.4109375 0.4921875 0.409375 0.4921875 0.4046875 0.4875 0.403125 0.4890625 0.3984375
3 0.5125 0.5328125 0.515625 0.5359375 0.5140625 0.54375 0.5078125 0.54375 0.5046875 0.540625 0.50625 0.5359375 0.5109375 0.5328125
3 0.5 0.415625 0.5046875 0.4171875 0.5046875 0.4203125 0.5 0.4203125 0.4984375 0.41875 0.5 0.4171875
3 0.4921875 0.3546875 0.4953125 0.3578125 0.496875 0.365625 0.4953125 0.3671875 0.490625 0.365625 0.490625 0.35625
3 0.4703125 0.303125 0.4734375 0.3046875 0.478125 0.3140625 0.478125 0.3265625 0.475 0.3265625 0.4703125 0.31875 0.46875 0.3046875
3 0.5 0.4734375 0.5046875 0.4828125 0.5015625 0.4921875 0.49375 0.4890625 0.4875 0.4796875 0.49375 0.4734375 0.4984375 0.4734375
3 0.4625 0.290625 0.471875 0.2984375 0.4765625 0.30625 0.475 0.315625 0.4734375 0.3171875 0.4703125 0.315625 0.4625 0.2921875
3 0.490625 0.3546875 0.49375 0.3546875 0.4953125 0.359375 0.490625 0.359375 0.490625 0.35625
3 0.4625 0.3 0.4703125 0.3046875 0.4703125 0.315625 0.4734375 0.31875 0.4734375 0.3265625 0.4703125 0.321875 0.4703125 0.3140625 0.4640625 0.3015625
3 0.4890625 0.365625 0.4921875 0.3671875 0.49375 0.3734375 0.4859375 0.3703125 0.4875 0.3671875
3 0.4703125 0.309375 0.475 0.31875 0.475 0.3234375 0.48125 0.328125 0.48125 0.334375 0.4734375 0.33125 0.46875 0.3109375
3 0.4546875 0.2859375 0.459375 0.2859375 0.4703125 0.2984375 0.4703125 0.309375 0.4546875 0.29375 0.4546875 0.2875