3 0.44140625 0.8453125 0.0125 0.015625
3 0.48984375 0.6984375 0.00546875 0.00703125
3 0.49765625 0.67734375 0.00546875 0.0078125
3 0.5078125 0.6453125 0.5109375 0.64375 0.5140625 0.6453125 0.5140625 0.6484375 0.509375 0.653125 0.5078125 0.653125 0.5078125 0.646875
3 0.45625 0.7828125 0.4578125 0.7921875 0.453125 0.790625 0.453125 0.784375 0.4546875 0.784375
3 0.490625 0.6890625 0.00625 0.00625
3 0.5125 0.60859375 0.00625 0.0125
3 0.4625 0.75625 0.4640625 0.7625 0.4609375 0.7625 0.4609375 0.7578125
3 0.4515625 0.8046875 0.4515625 0.809375 0.4546875 0.8125 0.453125 0.8171875 0.446875 0.815625 0.446875 0.80625 0.45 0.8046875
3 0.446875 0.79375 0.4515625 0.79375 0.45 0.8015625 0.4453125 0.8 0.446875 0.7953125
3 0.4390625 0.8203125 0.44375 0.8203125 0.4453125 0.825 0.44375 0.8296875 0.440625 0.8296875 0.4375 0.825 0.4390625 0.821875
3 0.4234375 0.8515625 0.4265625 0.85 0.43125 0.8515625 0.4296875 0.8625 0.425 0.8609375 0.4234375 0.853125
3 0.46875 0.73828125 0.03125 0.07578125
3 0.51328125 0.6578125 0.00625 0.00625
3 0.496875 0.690625 0.0265625 0.046875
3 0.453125 0.771875 0.45625 0.7734375 0.45625 0.778125 0.453125 0.778125 0.4515625 0.7734375
3 0.3984375 0.89375 0.4046875 0.9 0.403125 0.9109375 0.3953125 0.909375 0.3921875 0.9046875 0.39375 0.8953125 0.396875 0.89375
3 0.515625 0.6015625 0.51875 0.6015625 0.515625 0.6140625 0.5140625 0.6125 0.515625 0.603125
3 0.396875 0.9171875 0.4015625 0.925 0.4 0.9359375 0.396875 0.9359375 0.390625 0.9296875 0.390625 0.9203125 0.3953125 0.9171875
3 0.3453125 0.9734375 0.35 0.971875 0.353125 0.975 0.353125 0.9859375 0.3484375 0.990625 0.3453125 0.990625 0.34375 0.9875 0.3453125 0.975
3 0.484375 0.7078125 0.4859375 0.7140625 0.48125 0.715625 0.48125 0.709375 0.4828125 0.709375
3 0.4765625 0.728125 0.48125 0.7296875 0.48125 0.7359375 0.478125 0.7359375 0.4765625 0.7296875
3 0.4953125 0.68125 0.02890625 0.0453125
3 0.465625 0.7671875 0.4640625 0.7734375 0.4609375 0.7703125 0.4640625 0.7671875
3 0.4734375 0.7515625 0.00625 0.0078125
3 0.4140625 0.871875 0.41875 0.8765625 0.4171875 0.884375 0.4109375 0.88125 0.4109375 0.8734375 0.4125 0.8734375
3 0.415625 0.8875 0.4203125 0.8953125 0.41875 0.903125 0.4140625 0.903125 0.409375 0.9 0.409375 0.890625 0.4140625 0.8875
3 0.4703125 0.74375 0.471875 0.7375 0.475 0.7390625 0.4734375 0.7484375 0.471875 0.74375
3 0.3625 0.953125 0.3671875 0.953125 0.3703125 0.9609375 0.36875 0.9703125 0.359375 0.971875 0.35625 0.96875 0.35625 0.9640625 0.3625 0.9546875
3 0.51796875 0.615625 0.0046875 0.00625
3 0.49765625 0.684375 0.0046875 0.0078125
3 0.384375 0.93125 0.390625 0.94375 0.3890625 0.9515625 0.378125 0.95 0.3734375 0.9453125 0.375 0.934375 0.378125 0.93125 0.3828125 0.93125