3 0.45703125 0.64453125 0.4635416666666667 0.6471354166666666 0.4635416666666667 0.6549479166666666 0.4583333333333333 0.6640625 0.4453125 0.6653645833333334 0.4453125 0.65234375 0.44921875 0.6471354166666666 0.4557291666666667 0.6458333333333334
3 0.4322916666666667 0.6822916666666666 0.4375 0.6875 0.4375 0.6953125 0.43359375 0.7044270833333334 0.421875 0.70703125 0.41796875 0.7044270833333334 0.4166666666666667 0.7005208333333334 0.4192708333333333 0.6927083333333334 0.4244791666666667 0.6901041666666666 0.4283854166666667 0.68359375 0.4309895833333333 0.68359375
3 0.54296875 0.4947916666666667 0.546875 0.4947916666666667 0.5494791666666666 0.4986979166666667 0.5494791666666666 0.5065104166666666 0.5442708333333334 0.5104166666666666 0.5390625 0.5104166666666666 0.5390625 0.4986979166666667 0.54296875 0.49609375
3 0.6002604166666666 0.3997395833333333 0.6028645833333334 0.4049479166666667 0.5989583333333334 0.41015625 0.5924479166666666 0.4088541666666667 0.59375 0.4010416666666667 0.5989583333333334 0.3997395833333333
3 0.4596354166666667 0.62109375 0.4609375 0.62890625 0.4557291666666667 0.640625 0.4466145833333333 0.640625 0.4453125 0.6302083333333334 0.4544270833333333 0.62109375 0.4583333333333333 0.62109375
3 0.2734375 0.9075520833333334 0.2799479166666667 0.9075520833333334 0.2838541666666667 0.9153645833333334 0.2760416666666667 0.9283854166666666 0.2760416666666667 0.9348958333333334 0.26953125 0.9440104166666666 0.2630208333333333 0.9440104166666666 0.2604166666666667 0.9348958333333334 0.26171875 0.921875 0.2669270833333333 0.9127604166666666 0.2734375 0.9088541666666666
3 0.54296875 0.4830729166666667 0.54296875 0.4921875 0.5377604166666666 0.4934895833333333 0.5364583333333334 0.49609375 0.5325520833333334 0.4934895833333333 0.5325520833333334 0.48828125 0.53515625 0.484375 0.5416666666666666 0.4830729166666667
3 0.4296875 0.6575520833333334 0.43359375 0.6575520833333334 0.4361979166666667 0.66015625 0.43359375 0.6744791666666666 0.4283854166666667 0.6796875 0.4231770833333333 0.6796875 0.4205729166666667 0.671875 0.4244791666666667 0.6627604166666666 0.4296875 0.6588541666666666
3 0.3463541666666667 0.8255208333333334 0.3489583333333333 0.8255208333333334 0.3541666666666667 0.8307291666666666 0.35546875 0.8424479166666666 0.3528645833333333 0.84765625 0.3463541666666667 0.85546875 0.3385416666666667 0.859375 0.3307291666666667 0.859375 0.328125 0.85546875 0.3294270833333333 0.8411458333333334 0.3424479166666667 0.828125 0.3463541666666667 0.8268229166666666
3 0.48046875 0.6067708333333334 0.4869791666666667 0.6119791666666666 0.4869791666666667 0.6197916666666666 0.484375 0.6236979166666666 0.4791666666666667 0.6276041666666666 0.4700520833333333 0.6276041666666666 0.4674479166666667 0.6236979166666666 0.46875 0.6158854166666666 0.48046875 0.6080729166666666
3 0.2578125 0.9609375 0.26171875 0.95703125 0.2669270833333333 0.9557291666666666 0.2708333333333333 0.9479166666666666 0.2747395833333333 0.9453125 0.2799479166666667 0.9466145833333334 0.2825520833333333 0.9518229166666666 0.2760416666666667 0.9765625 0.2669270833333333 0.9856770833333334 0.2578125 0.9856770833333334 0.25390625 0.9817708333333334 0.25390625 0.96875 0.2578125 0.9622395833333334
3 0.375 0.7747395833333334 0.3815104166666667 0.7747395833333334 0.3854166666666667 0.7799479166666666 0.3854166666666667 0.7877604166666666 0.3815104166666667 0.7942708333333334 0.3723958333333333 0.8020833333333334 0.3671875 0.8020833333333334 0.36328125 0.7981770833333334 0.36328125 0.78515625 0.375 0.7760416666666666
3 0.3528645833333333 0.7942708333333334 0.3541666666666667 0.8033854166666666 0.3502604166666667 0.8111979166666666 0.3502604166666667 0.81640625 0.34375 0.8190104166666666 0.3424479166666667 0.8216145833333334 0.3359375 0.8177083333333334 0.3346354166666667 0.8098958333333334 0.34375 0.7955729166666666 0.3489583333333333 0.79296875 0.3515625 0.7942708333333334
3 0.5091145833333334 0.5358072916666666 0.016927083333333332 0.015625
3 0.3984375 0.703125 0.4036458333333333 0.7005208333333334 0.4114583333333333 0.7018229166666666 0.4088541666666667 0.7174479166666666 0.4049479166666667 0.7213541666666666 0.39453125 0.7200520833333334 0.39453125 0.7083333333333334 0.3984375 0.7044270833333334
3 0.375 0.7447916666666666 0.3802083333333333 0.7434895833333334 0.3841145833333333 0.7473958333333334 0.3802083333333333 0.765625 0.375 0.7682291666666666 0.3671875 0.7682291666666666 0.3671875 0.7526041666666666 0.375 0.74609375
3 0.5572916666666666 0.47265625 0.5611979166666666 0.4830729166666667 0.5533854166666666 0.4869791666666667 0.5494791666666666 0.4856770833333333 0.5481770833333334 0.4817708333333333 0.5559895833333334 0.47265625
3 0.4986979166666667 0.5546875 0.5013020833333334 0.55859375 0.5013020833333334 0.5638020833333334 0.4947916666666667 0.5716145833333334 0.48828125 0.5716145833333334 0.48828125 0.5598958333333334 0.4921875 0.5559895833333334 0.4973958333333333 0.5546875
3 0.4700520833333333 0.59375 0.4765625 0.5885416666666666 0.4830729166666667 0.5885416666666666 0.4830729166666667 0.59765625 0.4791666666666667 0.6028645833333334 0.4700520833333333 0.6028645833333334 0.4700520833333333 0.5950520833333334
3 0.5247395833333334 0.50390625 0.5299479166666666 0.5026041666666666 0.5299479166666666 0.51171875 0.5260416666666666 0.5143229166666666 0.5260416666666666 0.5169270833333334 0.5169270833333334 0.5169270833333334 0.5182291666666666 0.5091145833333334 0.5247395833333334 0.5052083333333334
3 0.3125 0.8463541666666666 0.3190104166666667 0.8489583333333334 0.3203125 0.8528645833333334 0.3190104166666667 0.8580729166666666 0.3151041666666667 0.8619791666666666 0.3151041666666667 0.8697916666666666 0.3111979166666667 0.8776041666666666 0.3046875 0.8776041666666666 0.2994791666666667 0.8697916666666666 0.30078125 0.8567708333333334 0.3046875 0.8541666666666666 0.3059895833333333 0.8502604166666666 0.3125 0.84765625
3 0.5338541666666666 0.5182291666666666 0.5364583333333334 0.5260416666666666 0.5299479166666666 0.5325520833333334 0.5221354166666666 0.5325520833333334 0.51953125 0.52734375 0.5247395833333334 0.5182291666666666 0.5325520833333334 0.5182291666666666
3 0.23567708333333334 0.96875 0.24088541666666666 0.96875 0.24479166666666666 0.9739583333333334 0.24479166666666666 0.9830729166666666 0.23958333333333334 0.99609375 0.23697916666666666 0.9986979166666666 0.22265625 0.9986979166666666 0.21744791666666666 0.99609375 0.21875 0.9895833333333334 0.22526041666666666 0.9817708333333334 0.2265625 0.9739583333333334 0.23567708333333334 0.9700520833333334
3 0.5690104166666666 0.4557291666666667 0.5703125 0.4622395833333333 0.5638020833333334 0.4674479166666667 0.5598958333333334 0.4661458333333333 0.5598958333333334 0.4609375 0.5638020833333334 0.4557291666666667 0.5677083333333334 0.4557291666666667
3 0.5885416666666666 0.4153645833333333 0.5924479166666666 0.4205729166666667 0.5924479166666666 0.4244791666666667 0.58984375 0.4270833333333333 0.58203125 0.4270833333333333 0.58203125 0.41796875 0.5872395833333334 0.4166666666666667
3 0.49609375 0.5755208333333334 0.5026041666666666 0.57421875 0.5052083333333334 0.578125 0.50390625 0.5872395833333334 0.4986979166666667 0.5924479166666666 0.4921875 0.5924479166666666 0.4908854166666667 0.5833333333333334 0.4921875 0.5794270833333334 0.49609375 0.5768229166666666
3 0.51953125 0.5442708333333334 0.5221354166666666 0.5455729166666666 0.5221354166666666 0.5546875 0.515625 0.5598958333333334 0.5078125 0.55859375 0.5078125 0.5494791666666666 0.51171875 0.5455729166666666 0.5182291666666666 0.5442708333333334
3 0.4049479166666667 0.7265625 0.4088541666666667 0.7278645833333334 0.4114583333333333 0.7317708333333334 0.4088541666666667 0.74609375 0.3997395833333333 0.7526041666666666 0.39453125 0.7526041666666666 0.390625 0.7486979166666666 0.390625 0.7395833333333334 0.4036458333333333 0.7278645833333334
3 0.3151041666666667 0.8854166666666666 0.3190104166666667 0.890625 0.3177083333333333 0.9049479166666666 0.3111979166666667 0.9153645833333334 0.3046875 0.9166666666666666 0.3033854166666667 0.9192708333333334 0.2955729166666667 0.9192708333333334 0.29296875 0.9166666666666666 0.2916666666666667 0.90625 0.296875 0.8971354166666666 0.3020833333333333 0.89453125 0.3072916666666667 0.88671875 0.3138020833333333 0.8854166666666666
3 0.57421875 0.43359375 0.578125 0.43359375 0.5807291666666666 0.4375 0.5807291666666666 0.4440104166666667 0.5703125 0.4453125 0.5703125 0.4401041666666667 0.57421875 0.4348958333333333