3 0.5364583333333334 0.4505208333333333 0.5416666666666666 0.4557291666666667 0.5377604166666666 0.46484375 0.5260416666666666 0.4609375 0.5234375 0.453125 0.5260416666666666 0.4505208333333333 0.53515625 0.4505208333333333
3 0.5403645833333334 0.44921875 0.5442708333333334 0.453125 0.5364583333333334 0.4609375 0.5286458333333334 0.4596354166666667 0.5247395833333334 0.4518229166666667 0.5286458333333334 0.4479166666666667 0.5390625 0.44921875
3 0.55078125 0.5520833333333334 0.5638020833333334 0.5598958333333334 0.5546875 0.5638020833333334 0.5286458333333334 0.5638020833333334 0.5182291666666666 0.5611979166666666 0.5208333333333334 0.5572916666666666 0.5299479166666666 0.5533854166666666 0.5494791666666666 0.5520833333333334
3 0.5260416666666666 0.453125 0.5403645833333334 0.453125 0.5416666666666666 0.4557291666666667 0.5403645833333334 0.4661458333333333 0.5364583333333334 0.46875 0.5338541666666666 0.4661458333333333 0.5338541666666666 0.4622395833333333 0.52734375 0.4596354166666667 0.5260416666666666 0.4544270833333333
3 0.5338541666666666 0.5104166666666666 0.5403645833333334 0.5130208333333334 0.5442708333333334 0.51171875 0.5520833333333334 0.515625 0.5481770833333334 0.5182291666666666 0.5377604166666666 0.5182291666666666 0.53125 0.5169270833333334 0.5247395833333334 0.51171875 0.5325520833333334 0.51171875
3 0.5091145833333334 0.4869791666666667 0.5260416666666666 0.4856770833333333 0.5364583333333334 0.48828125 0.5377604166666666 0.4934895833333333 0.5325520833333334 0.49609375 0.5169270833333334 0.4934895833333333 0.5104166666666666 0.48828125
3 0.5234375 0.4322916666666667 0.52734375 0.4322916666666667 0.52734375 0.4375 0.53515625 0.4375 0.5403645833333334 0.4466145833333333 0.5364583333333334 0.4505208333333333 0.5234375 0.453125 0.51953125 0.4427083333333333 0.5247395833333334 0.4348958333333333 0.5234375 0.43359375
3 0.5338541666666666 0.44140625 0.5403645833333334 0.4466145833333333 0.54296875 0.4544270833333333 0.5364583333333334 0.4544270833333333 0.5338541666666666 0.4518229166666667 0.5286458333333334 0.4544270833333333 0.5260416666666666 0.453125 0.5286458333333334 0.4440104166666667 0.5325520833333334 0.44140625
3 0.5084635416666666 0.4694010416666667 0.024739583333333332 0.011067708333333334
3 0.5768229166666666 0.6875 0.61328125 0.6940104166666666 0.6223958333333334 0.7005208333333334 0.6328125 0.7005208333333334 0.6354166666666666 0.70703125 0.6354166666666666 0.7109375 0.6328125 0.7135416666666666 0.6223958333333334 0.7135416666666666 0.6015625 0.7200520833333334 0.5846354166666666 0.7213541666666666 0.55859375 0.7200520833333334 0.54296875 0.7135416666666666 0.5338541666666666 0.7135416666666666 0.51953125 0.70703125 0.51953125 0.703125 0.5390625 0.69140625 0.5533854166666666 0.6875 0.5755208333333334 0.6875
3 0.5221354166666666 0.4296875 0.5286458333333334 0.4322916666666667 0.5260416666666666 0.4348958333333333 0.52734375 0.4375 0.5325520833333334 0.4375 0.5364583333333334 0.44140625 0.53515625 0.4479166666666667 0.5221354166666666 0.453125 0.51953125 0.4440104166666667 0.5221354166666666 0.4309895833333333
3 0.52734375 0.5299479166666666 0.5377604166666666 0.5299479166666666 0.53515625 0.5325520833333334 0.5377604166666666 0.53515625 0.5481770833333334 0.5325520833333334 0.5416666666666666 0.54296875 0.546875 0.5494791666666666 0.5221354166666666 0.5494791666666666 0.5169270833333334 0.546875 0.5078125 0.546875 0.5026041666666666 0.5403645833333334 0.5 0.5403645833333334 0.5 0.5338541666666666 0.5078125 0.53125 0.5130208333333334 0.53125 0.5169270833333334 0.5338541666666666 0.5299479166666666 0.5338541666666666 0.53125 0.5325520833333334 0.5286458333333334 0.53125
3 0.5149739583333334 0.4622395833333333 0.016276041666666668 0.008463541666666666
3 0.5325520833333334 0.4791666666666667 0.5338541666666666 0.484375 0.52734375 0.4856770833333333 0.5091145833333334 0.4856770833333333 0.5052083333333334 0.4817708333333333 0.5052083333333334 0.4778645833333333 0.5286458333333334 0.4765625 0.53125 0.4791666666666667
3 0.5221354166666666 0.453125 0.5286458333333334 0.4518229166666667 0.5390625 0.4557291666666667 0.5390625 0.4661458333333333 0.5338541666666666 0.4674479166666667 0.5234375 0.4596354166666667 0.5234375 0.4544270833333333
3 0.5260416666666666 0.4583333333333333 0.5286458333333334 0.4661458333333333 0.5169270833333334 0.47265625 0.5026041666666666 0.47265625 0.5 0.4700520833333333 0.5143229166666666 0.4596354166666667 0.5247395833333334 0.4583333333333333
3 0.5221354166666666 0.5377604166666666 0.53515625 0.5377604166666666 0.5455729166666666 0.5416666666666666 0.5572916666666666 0.5416666666666666 0.5638020833333334 0.5442708333333334 0.5651041666666666 0.546875 0.5416666666666666 0.5533854166666666 0.51171875 0.546875 0.5104166666666666 0.5416666666666666 0.5208333333333334 0.5390625
3 0.5260416666666666 0.4609375 0.5338541666666666 0.4700520833333333 0.52734375 0.4739583333333333 0.5169270833333334 0.47265625 0.5260416666666666 0.4622395833333333
3 0.5716145833333334 0.6549479166666666 0.57421875 0.6575520833333334 0.5885416666666666 0.6614583333333334 0.5885416666666666 0.6653645833333334 0.5846354166666666 0.6692708333333334 0.5768229166666666 0.6692708333333334 0.5651041666666666 0.6744791666666666 0.5338541666666666 0.6744791666666666 0.5286458333333334 0.671875 0.5234375 0.6653645833333334 0.5208333333333334 0.6653645833333334 0.5169270833333334 0.6588541666666666 0.5234375 0.6549479166666666 0.5703125 0.6549479166666666
3 0.4986979166666667 0.4713541666666667 0.5065104166666666 0.46875 0.5260416666666666 0.46875 0.52734375 0.4700520833333333 0.5247395833333334 0.47265625 0.51171875 0.4752604166666667 0.5091145833333334 0.4778645833333333 0.5052083333333334 0.4778645833333333 0.5 0.47265625
3 0.55078125 0.6002604166666666 0.5690104166666666 0.6067708333333334 0.5611979166666666 0.6067708333333334 0.5572916666666666 0.6106770833333334 0.5572916666666666 0.6158854166666666 0.5546875 0.61328125 0.5377604166666666 0.61328125 0.52734375 0.609375 0.52734375 0.6041666666666666 0.53125 0.6015625 0.5494791666666666 0.6002604166666666
3 0.53515625 0.4856770833333333 0.5390625 0.4921875 0.5364583333333334 0.49609375 0.5299479166666666 0.4973958333333333 0.5182291666666666 0.4934895833333333 0.5143229166666666 0.4908854166666667 0.5143229166666666 0.4869791666666667 0.5234375 0.484375 0.5338541666666666 0.4856770833333333
3 0.5247395833333334 0.4296875 0.5299479166666666 0.4296875 0.53125 0.4322916666666667 0.5338541666666666 0.4322916666666667 0.5403645833333334 0.4453125 0.5390625 0.4479166666666667 0.5247395833333334 0.44921875 0.5208333333333334 0.4427083333333333 0.5247395833333334 0.4309895833333333
3 0.53515625 0.44140625 0.5390625 0.4466145833333333 0.5390625 0.4544270833333333 0.5364583333333334 0.4583333333333333 0.52734375 0.4583333333333333 0.5221354166666666 0.4544270833333333 0.5208333333333334 0.4427083333333333 0.5338541666666666 0.44140625
3 0.5065104166666666 0.4817708333333333 0.5052083333333334 0.4765625 0.5078125 0.4739583333333333 0.52734375 0.4739583333333333 0.5338541666666666 0.4791666666666667 0.5338541666666666 0.4817708333333333 0.5299479166666666 0.484375 0.5078125 0.4817708333333333
3 0.5091145833333334 0.48046875 0.5325520833333334 0.4830729166666667 0.5377604166666666 0.48828125 0.5377604166666666 0.4934895833333333 0.51953125 0.4934895833333333 0.5091145833333334 0.48828125 0.5078125 0.4817708333333333
3 0.5377604166666666 0.51953125 0.54296875 0.5247395833333334 0.5390625 0.52734375 0.5143229166666666 0.52734375 0.5065104166666666 0.5234375 0.5130208333333334 0.5182291666666666 0.5364583333333334 0.51953125
3 0.4934895833333333 0.7330729166666666 0.4973958333333333 0.7356770833333334 0.5065104166666666 0.7356770833333334 0.5169270833333334 0.7317708333333334 0.5390625 0.7395833333333334 0.5390625 0.7434895833333334 0.5299479166666666 0.7513020833333334 0.5286458333333334 0.7552083333333334 0.5052083333333334 0.7643229166666666 0.4765625 0.76171875 0.4739583333333333 0.7591145833333334 0.4622395833333333 0.7578125 0.4505208333333333 0.7526041666666666 0.4518229166666667 0.7473958333333334 0.4674479166666667 0.73828125 0.4830729166666667 0.7330729166666666 0.4921875 0.7330729166666666
3 0.53515625 0.5208333333333334 0.5403645833333334 0.5208333333333334 0.55078125 0.53125 0.5481770833333334 0.53515625 0.51953125 0.5364583333333334 0.515625 0.5338541666666666 0.5130208333333334 0.53515625 0.5078125 0.5299479166666666 0.5104166666666666 0.5247395833333334 0.5325520833333334 0.5247395833333334 0.53515625 0.5221354166666666
3 0.5286458333333334 0.4283854166666667 0.53515625 0.4322916666666667 0.5377604166666666 0.4401041666666667 0.5364583333333334 0.4453125 0.5247395833333334 0.4466145833333333 0.5221354166666666 0.4466145833333333 0.51953125 0.4401041666666667 0.5221354166666666 0.4361979166666667 0.5221354166666666 0.4296875 0.52734375 0.4283854166666667
3 0.5299479166666666 0.4296875 0.5364583333333334 0.4348958333333333 0.5364583333333334 0.4427083333333333 0.53515625 0.4453125 0.5286458333333334 0.4466145833333333 0.5221354166666666 0.4453125 0.5208333333333334 0.4427083333333333 0.5221354166666666 0.4296875 0.5286458333333334 0.4296875
3 0.5234375 0.56640625 0.5338541666666666 0.5716145833333334 0.5325520833333334 0.5768229166666666 0.5234375 0.5794270833333334 0.4869791666666667 0.5794270833333334 0.4752604166666667 0.57421875 0.4752604166666667 0.5716145833333334 0.4830729166666667 0.5690104166666666 0.5221354166666666 0.56640625
3 0.5338541666666666 0.44140625 0.5377604166666666 0.4453125 0.5364583333333334 0.4596354166666667 0.5234375 0.4596354166666667 0.5221354166666666 0.4466145833333333 0.51953125 0.4427083333333333 0.5221354166666666 0.4401041666666667 0.5325520833333334 0.44140625
3 0.5416666666666666 0.52734375 0.5481770833333334 0.5299479166666666 0.55078125 0.5325520833333334 0.5494791666666666 0.53515625 0.5416666666666666 0.5377604166666666 0.52734375 0.5377604166666666 0.5221354166666666 0.5403645833333334 0.50390625 0.5377604166666666 0.5026041666666666 0.5338541666666666 0.5052083333333334 0.5299479166666666 0.5104166666666666 0.52734375 0.52734375 0.5260416666666666 0.5403645833333334 0.52734375
3 0.5221354166666666 0.4375 0.53515625 0.4375 0.5403645833333334 0.4466145833333333 0.5390625 0.4518229166666667 0.5247395833333334 0.4544270833333333 0.5221354166666666 0.453125 0.5221354166666666 0.4388020833333333
3 0.54296875 0.5052083333333334 0.54296875 0.5078125 0.5390625 0.5091145833333334 0.53515625 0.5143229166666666 0.5299479166666666 0.5143229166666666 0.5260416666666666 0.51171875 0.5104166666666666 0.51171875 0.5078125 0.5091145833333334 0.5104166666666666 0.5065104166666666 0.51953125 0.5065104166666666 0.5234375 0.50390625 0.5416666666666666 0.5052083333333334
3 0.5221354166666666 0.4283854166666667 0.5286458333333334 0.4270833333333333 0.5364583333333334 0.4322916666666667 0.53515625 0.4401041666666667 0.5260416666666666 0.4401041666666667 0.5221354166666666 0.4427083333333333 0.5221354166666666 0.4296875
3 0.5546875 0.5065104166666666 0.5611979166666666 0.5130208333333334 0.5651041666666666 0.5130208333333334 0.5677083333333334 0.515625 0.5546875 0.5182291666666666 0.5364583333333334 0.5169270833333334 0.53125 0.5143229166666666 0.53125 0.51171875 0.546875 0.5065104166666666 0.5533854166666666 0.5065104166666666
3 0.5286458333333334 0.453125 0.5403645833333334 0.453125 0.5416666666666666 0.4557291666666667 0.5403645833333334 0.4661458333333333 0.5364583333333334 0.4674479166666667 0.5364583333333334 0.4635416666666667 0.5299479166666666 0.4596354166666667 0.5286458333333334 0.4544270833333333
3 0.5091145833333334 0.484375 0.5338541666666666 0.4869791666666667 0.5377604166666666 0.48828125 0.5377604166666666 0.4934895833333333 0.5338541666666666 0.49609375 0.5221354166666666 0.49609375 0.5091145833333334 0.4895833333333333 0.5078125 0.4856770833333333
3 0.5559895833333334 0.5013020833333334 0.5572916666666666 0.5026041666666666 0.5546875 0.5052083333333334 0.5403645833333334 0.5091145833333334 0.5234375 0.5078125 0.5221354166666666 0.5052083333333334 0.52734375 0.5013020833333334 0.5403645833333334 0.4986979166666667 0.5546875 0.5013020833333334
3 0.5299479166666666 0.4322916666666667 0.5364583333333334 0.4375 0.5403645833333334 0.4479166666666667 0.53125 0.44921875 0.5286458333333334 0.4518229166666667 0.5234375 0.4518229166666667 0.51953125 0.4427083333333333 0.5234375 0.4309895833333333 0.5260416666666666 0.4296875 0.5286458333333334 0.4322916666666667
3 0.5481770833333334 0.5260416666666666 0.546875 0.5325520833333334 0.5455729166666666 0.5286458333333334 0.5104166666666666 0.5299479166666666 0.5065104166666666 0.52734375 0.5065104166666666 0.5234375 0.5169270833333334 0.5182291666666666 0.5364583333333334 0.5182291666666666 0.5442708333333334 0.5208333333333334 0.546875 0.5260416666666666
3 0.50390625 0.4739583333333333 0.5221354166666666 0.4700520833333333 0.5325520833333334 0.4713541666666667 0.5325520833333334 0.48046875 0.5299479166666666 0.4817708333333333 0.5078125 0.4817708333333333 0.50390625 0.4752604166666667
3 0.5247395833333334 0.4557291666666667 0.5325520833333334 0.4609375 0.5325520833333334 0.4674479166666667 0.5247395833333334 0.47265625 0.5091145833333334 0.4739583333333333 0.5091145833333334 0.46484375 0.5130208333333334 0.4622395833333333 0.515625 0.46484375 0.5208333333333334 0.4583333333333333 0.5247395833333334 0.45703125
3 0.5260416666666666 0.50390625 0.5247395833333334 0.5078125 0.5286458333333334 0.51171875 0.5325520833333334 0.51171875 0.5338541666666666 0.515625 0.5221354166666666 0.5182291666666666 0.5169270833333334 0.5169270833333334 0.5130208333333334 0.51171875 0.5091145833333334 0.5104166666666666 0.5091145833333334 0.5078125 0.5247395833333334 0.50390625
3 0.5390625 0.51953125 0.5442708333333334 0.5221354166666666 0.5494791666666666 0.5325520833333334 0.546875 0.5338541666666666 0.5416666666666666 0.5299479166666666 0.5260416666666666 0.5299479166666666 0.5143229166666666 0.5325520833333334 0.5130208333333334 0.5364583333333334 0.5091145833333334 0.5325520833333334 0.4908854166666667 0.53125 0.4830729166666667 0.5260416666666666 0.484375 0.5234375 0.5169270833333334 0.5182291666666666 0.5377604166666666 0.51953125
3 0.5559895833333334 0.5013020833333334 0.55859375 0.50390625 0.55859375 0.51171875 0.5533854166666666 0.515625 0.5403645833333334 0.515625 0.5403645833333334 0.5130208333333334 0.546875 0.5026041666666666 0.5546875 0.5013020833333334
3 0.53515625 0.4401041666666667 0.5403645833333334 0.4440104166666667 0.54296875 0.4518229166666667 0.5403645833333334 0.4544270833333333 0.5364583333333334 0.4518229166666667 0.53125 0.4518229166666667 0.5299479166666666 0.4544270833333333 0.5247395833333334 0.453125 0.5260416666666666 0.4427083333333333 0.5338541666666666 0.4401041666666667
3 0.5494791666666666 0.58203125 0.5638020833333334 0.5833333333333334 0.5677083333333334 0.5846354166666666 0.5703125 0.5885416666666666 0.5559895833333334 0.5950520833333334 0.5520833333333334 0.5989583333333334 0.5455729166666666 0.6002604166666666 0.5286458333333334 0.6002604166666666 0.5247395833333334 0.59765625 0.5221354166666666 0.5911458333333334 0.5377604166666666 0.5807291666666666 0.5481770833333334 0.58203125
3 0.5260416666666666 0.453125 0.53515625 0.453125 0.5403645833333334 0.4557291666666667 0.5403645833333334 0.4661458333333333 0.5377604166666666 0.4700520833333333 0.5338541666666666 0.4700520833333333 0.5338541666666666 0.4622395833333333 0.5286458333333334 0.4609375 0.5260416666666666 0.4544270833333333
3 0.5598958333333334 0.51171875 0.5690104166666666 0.515625 0.5559895833333334 0.5182291666666666 0.5403645833333334 0.5169270833333334 0.5390625 0.5130208333333334 0.5494791666666666 0.5091145833333334 0.5559895833333334 0.5091145833333334 0.55859375 0.51171875
3 0.5208333333333334 0.4596354166666667 0.5247395833333334 0.4635416666666667 0.5208333333333334 0.4661458333333333 0.5091145833333334 0.4635416666666667 0.5130208333333334 0.4596354166666667 0.51953125 0.4596354166666667
3 0.5364583333333334 0.48828125 0.5390625 0.4921875 0.53515625 0.4973958333333333 0.5338541666666666 0.5052083333333334 0.5546875 0.5052083333333334 0.5559895833333334 0.5078125 0.5494791666666666 0.51171875 0.5481770833333334 0.515625 0.5377604166666666 0.515625 0.5208333333333334 0.5091145833333334 0.5260416666666666 0.49609375 0.5299479166666666 0.4934895833333333 0.53125 0.4895833333333333 0.53515625 0.48828125
3 0.5286458333333334 0.4283854166666667 0.5325520833333334 0.4296875 0.5364583333333334 0.4348958333333333 0.5364583333333334 0.4453125 0.5221354166666666 0.4453125 0.5221354166666666 0.4296875 0.52734375 0.4283854166666667
3 0.5286458333333334 0.453125 0.5403645833333334 0.4557291666666667 0.5403645833333334 0.4674479166666667 0.53515625 0.4700520833333333 0.53515625 0.4635416666666667 0.5286458333333334 0.4596354166666667 0.5286458333333334 0.4544270833333333
3 0.5286458333333334 0.4674479166666667 0.5325520833333334 0.4700520833333333 0.5299479166666666 0.4778645833333333 0.5091145833333334 0.4791666666666667 0.50390625 0.4765625 0.5026041666666666 0.4739583333333333 0.5052083333333334 0.4713541666666667 0.51171875 0.46875 0.515625 0.4700520833333333 0.52734375 0.4674479166666667
3 0.52734375 0.4622395833333333 0.52734375 0.46484375 0.5325520833333334 0.4674479166666667 0.5286458333333334 0.4739583333333333 0.5338541666666666 0.4765625 0.53515625 0.484375 0.5403645833333334 0.4934895833333333 0.5455729166666666 0.4973958333333333 0.5546875 0.4973958333333333 0.5572916666666666 0.5 0.5572916666666666 0.5078125 0.5611979166666666 0.5130208333333334 0.5611979166666666 0.515625 0.54296875 0.5182291666666666 0.5416666666666666 0.5260416666666666 0.5494791666666666 0.53125 0.55078125 0.5338541666666666 0.5481770833333334 0.5377604166666666 0.5520833333333334 0.5416666666666666 0.5572916666666666 0.5416666666666666 0.5651041666666666 0.5455729166666666 0.5546875 0.5546875 0.5598958333333334 0.5572916666666666 0.5598958333333334 0.5611979166666666 0.53125 0.5611979166666666 0.5286458333333334 0.5638020833333334 0.51953125 0.5625 0.5182291666666666 0.5572916666666666 0.5221354166666666 0.5520833333333334 0.5182291666666666 0.5481770833333334 0.5065104166666666 0.546875 0.5065104166666666 0.54296875 0.4973958333333333 0.53515625 0.5 0.5286458333333334 0.50390625 0.52734375 0.5104166666666666 0.5182291666666666 0.515625 0.515625 0.5091145833333334 0.5091145833333334 0.5182291666666666 0.5078125 0.5221354166666666 0.5013020833333334 0.5182291666666666 0.4934895833333333 0.5078125 0.48828125 0.5026041666666666 0.4700520833333333 0.51171875 0.4622395833333333 0.5260416666666666 0.4622395833333333
3 0.5768229166666666 0.7890625 0.5885416666666666 0.7916666666666666 0.5950520833333334 0.7955729166666666 0.6171875 0.8098958333333334 0.6197916666666666 0.8125 0.6197916666666666 0.81640625 0.5989583333333334 0.8268229166666666 0.5846354166666666 0.8294270833333334 0.5677083333333334 0.8385416666666666 0.5234375 0.8359375 0.5182291666666666 0.8294270833333334 0.51171875 0.8072916666666666 0.5247395833333334 0.7981770833333334 0.5286458333333334 0.79296875 0.5364583333333334 0.7890625 0.5755208333333334 0.7890625
3 0.53125 0.4596354166666667 0.5364583333333334 0.4622395833333333 0.5377604166666666 0.4713541666666667 0.5325520833333334 0.4739583333333333 0.5260416666666666 0.4739583333333333 0.5221354166666666 0.4713541666666667 0.5260416666666666 0.46484375 0.53125 0.4635416666666667 0.53125 0.4609375
3 0.5299479166666666 0.4270833333333333 0.5364583333333334 0.4322916666666667 0.53515625 0.4388020833333333 0.5247395833333334 0.4388020833333333 0.5221354166666666 0.4296875 0.5247395833333334 0.4270833333333333 0.5286458333333334 0.4270833333333333
3 0.5403645833333334 0.5182291666666666 0.55078125 0.5260416666666666 0.5481770833333334 0.5325520833333334 0.5442708333333334 0.5286458333333334 0.5104166666666666 0.5286458333333334 0.5078125 0.5260416666666666 0.5078125 0.5221354166666666 0.5143229166666666 0.5182291666666666 0.5390625 0.5182291666666666
3 0.5559895833333334 0.5 0.55859375 0.5052083333333334 0.5559895833333334 0.5091145833333334 0.5520833333333334 0.5104166666666666 0.5455729166666666 0.5091145833333334 0.5416666666666666 0.5026041666666666 0.5338541666666666 0.5013020833333334 0.54296875 0.4973958333333333 0.5546875 0.5
3 0.5208333333333334 0.5377604166666666 0.5377604166666666 0.5390625 0.5403645833333334 0.5442708333333334 0.53515625 0.5494791666666666 0.5104166666666666 0.546875 0.5091145833333334 0.5416666666666666 0.51953125 0.5377604166666666
3 0.513671875 0.4674479166666667 0.032552083333333336 0.014322916666666666
3 0.5221354166666666 0.4427083333333333 0.5221354166666666 0.4296875 0.5247395833333334 0.4270833333333333 0.5325520833333334 0.4283854166666667 0.5364583333333334 0.4322916666666667 0.5364583333333334 0.4401041666666667 0.52734375 0.4401041666666667 0.5234375 0.4427083333333333
3 0.5338541666666666 0.4609375 0.016276041666666668 0.018229166666666668
3 0.5520833333333334 0.62109375 0.5677083333333334 0.625 0.5703125 0.62890625 0.5638020833333334 0.6354166666666666 0.5559895833333334 0.6393229166666666 0.5286458333333334 0.6393229166666666 0.5026041666666666 0.6354166666666666 0.5052083333333334 0.6302083333333334 0.51953125 0.625 0.55078125 0.62109375
3 0.5846354166666666 0.8671875 0.60546875 0.875 0.6106770833333334 0.87890625 0.6145833333333334 0.8854166666666666 0.6158854166666666 0.8984375 0.61328125 0.9036458333333334 0.59765625 0.9075520833333334 0.5872395833333334 0.9153645833333334 0.5729166666666666 0.9192708333333334 0.5651041666666666 0.9244791666666666 0.546875 0.9244791666666666 0.53125 0.9192708333333334 0.52734375 0.9088541666666666 0.5221354166666666 0.90234375 0.50390625 0.890625 0.50390625 0.8841145833333334 0.5065104166666666 0.87890625 0.5182291666666666 0.8697916666666666 0.5833333333333334 0.8671875
3 0.5247395833333334 0.453125 0.54296875 0.453125 0.5390625 0.4609375 0.5299479166666666 0.4609375 0.5260416666666666 0.4544270833333333
3 0.55078125 0.5052083333333334 0.55859375 0.5130208333333334 0.56640625 0.515625 0.5572916666666666 0.5169270833333334 0.53515625 0.5169270833333334 0.5234375 0.51171875 0.5091145833333334 0.5104166666666666 0.5091145833333334 0.5078125 0.51171875 0.5065104166666666 0.5208333333333334 0.5065104166666666 0.5299479166666666 0.5026041666666666 0.5494791666666666 0.5052083333333334
3 0.5611979166666666 0.6028645833333334 0.5846354166666666 0.6119791666666666 0.5963541666666666 0.6106770833333334 0.5963541666666666 0.61328125 0.58984375 0.6158854166666666 0.578125 0.6171875 0.5559895833333334 0.6171875 0.5403645833333334 0.6145833333333334 0.52734375 0.609375 0.52734375 0.6041666666666666 0.53125 0.6015625 0.5520833333333334 0.6002604166666666 0.5598958333333334 0.6028645833333334
3 0.5377604166666666 0.4544270833333333 0.5403645833333334 0.4557291666666667 0.5403645833333334 0.4661458333333333 0.5377604166666666 0.4700520833333333 0.53515625 0.46875 0.5364583333333334 0.4635416666666667 0.5286458333333334 0.45703125 0.5299479166666666 0.4544270833333333 0.5364583333333334 0.4544270833333333
3 0.5403645833333334 0.4973958333333333 0.5546875 0.4973958333333333 0.55859375 0.5013020833333334 0.5546875 0.50390625 0.5481770833333334 0.50390625 0.54296875 0.5026041666666666 0.5403645833333334 0.4986979166666667
3 0.5286458333333334 0.4596354166666667 0.53515625 0.46484375 0.53515625 0.4700520833333333 0.5299479166666666 0.47265625 0.515625 0.4713541666666667 0.5169270833333334 0.4661458333333333 0.52734375 0.4596354166666667
3 0.5221354166666666 0.4401041666666667 0.5234375 0.4283854166666667 0.5338541666666666 0.4296875 0.5364583333333334 0.43359375 0.53515625 0.4401041666666667 0.5234375 0.4401041666666667
3 0.5260416666666666 0.4270833333333333 0.53515625 0.4322916666666667 0.5364583333333334 0.4401041666666667 0.5338541666666666 0.4427083333333333 0.5260416666666666 0.4440104166666667 0.5221354166666666 0.4479166666666667 0.51953125 0.4375 0.5221354166666666 0.43359375 0.5208333333333334 0.4296875 0.5247395833333334 0.4270833333333333
4 0.51953125 0.3580729166666667 0.5299479166666666 0.3697916666666667 0.5416666666666666 0.390625 0.5403645833333334 0.39453125 0.5338541666666666 0.3841145833333333 0.5286458333333334 0.3815104166666667 0.52734375 0.3828125 0.5286458333333334 0.39453125 0.51953125 0.4283854166666667 0.51171875 0.4283854166666667 0.5104166666666666 0.4010416666666667 0.50390625 0.3815104166666667 0.5052083333333334 0.3697916666666667 0.51171875 0.3645833333333333 0.5143229166666666 0.3580729166666667 0.5182291666666666 0.3580729166666667