3 0.057291666666666664 0.818359375 0.11458333333333333 0.17578125
3 0.17252604166666666 0.6901041666666666 0.18684895833333334 0.16796875
3 0.2669270833333333 0.919921875 0.23372395833333334 0.13997395833333334
3 0.4329427083333333 0.7682291666666666 0.22395833333333334 0.177734375
3 0.3463541666666667 0.431640625 0.1796875 0.185546875
3 0.4375 0.24544270833333334 0.11588541666666667 0.16927083333333334
3 0.4270833333333333 0.07552083333333333 0.17578125 0.15104166666666666
3 0.640625 0.84375 0.3235677083333333 0.2903645833333333
3 0.5364583333333334 0.5338541666666666 0.14713541666666666 0.20247395833333334
3 0.6458333333333334 0.3977864583333333 0.10872395833333333 0.19921875
3 0.6979166666666666 0.203125 0.166015625 0.17513020833333334
3 0.6790364583333334 0.045572916666666664 0.12434895833333333 0.09114583333333333