3 0.5143229166666666 0.49609375 0.5208333333333334 0.49609375 0.5208333333333334 0.50390625 0.5169270833333334 0.50390625 0.515625 0.5078125 0.51171875 0.5078125 0.51171875 0.5052083333333334 0.5143229166666666 0.50390625 0.5143229166666666 0.4973958333333333
3 0.4388020833333333 0.48828125 0.4479166666666667 0.48828125 0.4479166666666667 0.4986979166666667 0.4453125 0.5 0.4453125 0.50390625 0.4361979166666667 0.50390625 0.4361979166666667 0.5 0.4388020833333333 0.4986979166666667 0.4388020833333333 0.4895833333333333
3 0.19401041666666666 0.8111979166666666 0.203125 0.8111979166666666 0.203125 0.8138020833333334 0.20572916666666666 0.8151041666666666 0.20572916666666666 0.8255208333333334 0.20052083333333334 0.8307291666666666 0.20052083333333334 0.8502604166666666 0.19791666666666666 0.8515625 0.19791666666666666 0.8541666666666666 0.19270833333333334 0.85546875 0.18229166666666666 0.8736979166666666 0.17317708333333334 0.8736979166666666 0.17317708333333334 0.859375 0.17578125 0.8580729166666666 0.17578125 0.8515625 0.17838541666666666 0.8502604166666666 0.18098958333333334 0.84375 0.18489583333333334 0.84375 0.19140625 0.8346354166666666 0.19140625 0.8151041666666666 0.19401041666666666 0.8125
3 0.4309895833333333 0.5091145833333334 0.4348958333333333 0.5091145833333334 0.4348958333333333 0.51953125 0.4309895833333333 0.51953125 0.4296875 0.5234375 0.4283854166666667 0.5130208333333334 0.4309895833333333 0.5104166666666666
3 0.51171875 0.46875 0.515625 0.46875 0.515625 0.4713541666666667 0.5208333333333334 0.47265625 0.5208333333333334 0.4752604166666667 0.5234375 0.4765625 0.5234375 0.4908854166666667 0.51953125 0.4908854166666667 0.5169270833333334 0.4947916666666667 0.5169270833333334 0.4921875 0.5143229166666666 0.4908854166666667 0.5143229166666666 0.48828125 0.5169270833333334 0.4869791666666667 0.5169270833333334 0.48046875 0.5143229166666666 0.4791666666666667 0.5143229166666666 0.47265625 0.51171875 0.4700520833333333
3 0.51171875 0.5 0.515625 0.5078125 0.5130208333333334 0.5091145833333334 0.5104166666666666 0.515625 0.5065104166666666 0.515625 0.5065104166666666 0.5091145833333334 0.5091145833333334 0.5078125 0.51171875 0.5013020833333334
3 0.3372395833333333 0.59375 0.3489583333333333 0.59375 0.3489583333333333 0.6002604166666666 0.3450520833333333 0.6002604166666666 0.34375 0.6041666666666666 0.33984375 0.6041666666666666 0.33984375 0.6015625 0.3372395833333333 0.6002604166666666 0.3372395833333333 0.5950520833333334
3 0.3203125 0.62109375 0.3294270833333333 0.62109375 0.3294270833333333 0.62890625 0.3268229166666667 0.6302083333333334 0.3268229166666667 0.6328125 0.3177083333333333 0.6328125 0.3177083333333333 0.625 0.3203125 0.6223958333333334
3 0.21875 0.75 0.22526041666666666 0.75 0.22526041666666666 0.75390625 0.22786458333333334 0.7552083333333334 0.22786458333333334 0.765625 0.22526041666666666 0.7669270833333334 0.22265625 0.7734375 0.21744791666666666 0.7747395833333334 0.21744791666666666 0.77734375 0.21354166666666666 0.77734375 0.21223958333333334 0.7734375 0.20703125 0.7734375 0.20703125 0.7669270833333334 0.2109375 0.765625 0.2109375 0.7591145833333334 0.21354166666666666 0.7578125 0.21354166666666666 0.7552083333333334 0.21744791666666666 0.7552083333333334 0.21875 0.7513020833333334
3 0.3736979166666667 0.5091145833333334 0.37890625 0.5091145833333334 0.37890625 0.51171875 0.3815104166666667 0.5130208333333334 0.3815104166666667 0.515625 0.37109375 0.515625 0.3736979166666667 0.5104166666666666
3 0.234375 0.73828125 0.24088541666666666 0.73828125 0.24088541666666666 0.7408854166666666 0.24348958333333334 0.7421875 0.24088541666666666 0.75390625 0.23177083333333334 0.75390625 0.23177083333333334 0.75 0.22916666666666666 0.7486979166666666 0.22786458333333334 0.765625 0.22526041666666666 0.7669270833333334 0.22265625 0.7734375 0.21875 0.7734375 0.21744791666666666 0.77734375 0.21354166666666666 0.77734375 0.21223958333333334 0.7734375 0.20703125 0.7734375 0.20703125 0.7669270833333334 0.2109375 0.765625 0.2109375 0.7591145833333334 0.21354166666666666 0.7578125 0.21354166666666666 0.7552083333333334 0.21744791666666666 0.7552083333333334 0.21875 0.75 0.22786458333333334 0.75 0.234375 0.7395833333333334
3 0.5169270833333334 0.4765625 0.5208333333333334 0.4765625 0.5208333333333334 0.4791666666666667 0.5260416666666666 0.484375 0.5260416666666666 0.4869791666666667 0.5234375 0.48828125 0.5234375 0.4947916666666667 0.5143229166666666 0.4947916666666667 0.5169270833333334 0.4778645833333333
3 0.3528645833333333 0.5859375 0.3567708333333333 0.5859375 0.3567708333333333 0.5885416666666666 0.359375 0.58984375 0.3567708333333333 0.5963541666666666 0.3502604166666667 0.5963541666666666 0.3502604166666667 0.58984375 0.3528645833333333 0.5872395833333334
3 0.3802083333333333 0.5533854166666666 0.3893229166666667 0.5533854166666666 0.3893229166666667 0.5598958333333334 0.38671875 0.5611979166666666 0.38671875 0.5638020833333334 0.3776041666666667 0.5638020833333334 0.3776041666666667 0.5572916666666666 0.3802083333333333 0.5546875
3 0.5091145833333334 0.4921875 0.515625 0.4921875 0.5130208333333334 0.50390625 0.5104166666666666 0.4986979166666667 0.5065104166666666 0.4986979166666667 0.5091145833333334 0.4934895833333333
3 0.4283854166666667 0.5091145833333334 0.4322916666666667 0.5130208333333334 0.4322916666666667 0.51953125 0.4231770833333333 0.51953125 0.4283854166666667 0.5104166666666666
3 0.13541666666666666 0.875 0.13932291666666666 0.875 0.13932291666666666 0.87890625 0.14453125 0.8802083333333334 0.14453125 0.890625 0.14192708333333334 0.8919270833333334 0.13932291666666666 0.8984375 0.13020833333333334 0.8984375 0.12630208333333334 0.90625 0.12369791666666667 0.90625 0.1171875 0.9153645833333334 0.11458333333333333 0.9231770833333334 0.11067708333333333 0.9231770833333334 0.10677083333333333 0.9309895833333334 0.09505208333333333 0.9309895833333334 0.09505208333333333 0.9153645833333334 0.09765625 0.9140625 0.09765625 0.9075520833333334 0.10026041666666667 0.90625 0.10026041666666667 0.9036458333333334 0.10416666666666667 0.9036458333333334 0.11067708333333333 0.8919270833333334 0.11458333333333333 0.8919270833333334 0.11588541666666667 0.8880208333333334 0.12630208333333334 0.8880208333333334 0.13020833333333334 0.8802083333333334 0.13411458333333334 0.8802083333333334 0.13541666666666666 0.8763020833333334
3 0.4973958333333333 0.5052083333333334 0.5026041666666666 0.5052083333333334 0.5026041666666666 0.515625 0.4947916666666667 0.515625 0.4947916666666667 0.5130208333333334 0.4921875 0.51171875 0.4921875 0.5091145833333334 0.49609375 0.5091145833333334 0.4973958333333333 0.5065104166666666
3 0.44140625 0.6705729166666666 0.4453125 0.6705729166666666 0.4453125 0.6731770833333334 0.4505208333333333 0.6744791666666666 0.4505208333333333 0.6770833333333334 0.453125 0.6783854166666666 0.4427083333333333 0.6966145833333334 0.4388020833333333 0.6966145833333334 0.4375 0.7005208333333334 0.4322916666666667 0.7018229166666666 0.4322916666666667 0.7044270833333334 0.4231770833333333 0.7044270833333334 0.4231770833333333 0.7018229166666666 0.4205729166666667 0.7005208333333334 0.4205729166666667 0.6861979166666666 0.4244791666666667 0.6861979166666666 0.42578125 0.6822916666666666 0.4322916666666667 0.6822916666666666 0.43359375 0.6783854166666666 0.4375 0.6783854166666666 0.44140625 0.671875
3 0.2721354166666667 0.6861979166666666 0.2786458333333333 0.6861979166666666 0.2786458333333333 0.7044270833333334 0.2760416666666667 0.7057291666666666 0.2760416666666667 0.7096354166666666 0.2708333333333333 0.7109375 0.2682291666666667 0.7174479166666666 0.2591145833333333 0.7174479166666666 0.2591145833333333 0.7057291666666666 0.2643229166666667 0.7044270833333334 0.2643229166666667 0.7018229166666666 0.2669270833333333 0.7005208333333334 0.2669270833333333 0.6901041666666666 0.2708333333333333 0.6901041666666666 0.2721354166666667 0.6875
3 0.4231770833333333 0.86328125 0.4296875 0.86328125 0.4309895833333333 0.8671875 0.4348958333333333 0.8671875 0.4348958333333333 0.8828125 0.4296875 0.8880208333333334 0.4296875 0.90234375 0.4270833333333333 0.9036458333333334 0.4270833333333333 0.91015625 0.4244791666666667 0.9114583333333334 0.4244791666666667 0.9192708333333334 0.421875 0.9205729166666666 0.4192708333333333 0.9270833333333334 0.4153645833333333 0.9283854166666666 0.41015625 0.9388020833333334 0.40625 0.9388020833333334 0.40234375 0.9466145833333334 0.3984375 0.9466145833333334 0.3971354166666667 0.9505208333333334 0.3854166666666667 0.9505208333333334 0.3854166666666667 0.9479166666666666 0.3802083333333333 0.9427083333333334 0.3802083333333333 0.9114583333333334 0.3776041666666667 0.91015625 0.3776041666666667 0.8997395833333334 0.3802083333333333 0.8984375 0.3802083333333333 0.8919270833333334 0.3841145833333333 0.8919270833333334 0.3854166666666667 0.8880208333333334 0.390625 0.88671875 0.390625 0.8841145833333334 0.3971354166666667 0.8841145833333334 0.3984375 0.8802083333333334 0.4036458333333333 0.87890625 0.4036458333333333 0.875 0.4127604166666667 0.875 0.4166666666666667 0.8671875 0.421875 0.8671875 0.4231770833333333 0.8645833333333334
3 0.4466145833333333 0.7421875 0.4622395833333333 0.7421875 0.4622395833333333 0.7447916666666666 0.46484375 0.74609375 0.46484375 0.75390625 0.4622395833333333 0.7552083333333334 0.4622395833333333 0.7578125 0.44921875 0.7578125 0.4479166666666667 0.76171875 0.44140625 0.76171875 0.44140625 0.75 0.4466145833333333 0.7434895833333334
3 0.19140625 0.8359375 0.19791666666666666 0.8359375 0.19791666666666666 0.8385416666666666 0.20052083333333334 0.83984375 0.20052083333333334 0.8463541666666666 0.19791666666666666 0.84765625 0.18229166666666666 0.8736979166666666 0.17317708333333334 0.8736979166666666 0.17317708333333334 0.859375 0.17578125 0.8580729166666666 0.17578125 0.8515625 0.17838541666666666 0.8502604166666666 0.18098958333333334 0.84375 0.18489583333333334 0.84375 0.18619791666666666 0.83984375 0.19010416666666666 0.83984375 0.19140625 0.8372395833333334
3 0.3307291666666667 0.609375 0.3333333333333333 0.61328125 0.3359375 0.61328125 0.3359375 0.6197916666666666 0.3333333333333333 0.6197916666666666 0.33203125 0.6236979166666666 0.3255208333333333 0.6236979166666666 0.3255208333333333 0.61328125 0.3294270833333333 0.61328125 0.3307291666666667 0.6106770833333334
3 0.26953125 0.6861979166666666 0.2786458333333333 0.6861979166666666 0.2786458333333333 0.7005208333333334 0.2760416666666667 0.7018229166666666 0.2760416666666667 0.7044270833333334 0.26953125 0.7044270833333334 0.26953125 0.7018229166666666 0.2669270833333333 0.7005208333333334 0.2669270833333333 0.6901041666666666 0.26953125 0.6875
3 0.3046875 0.6419270833333334 0.30859375 0.6419270833333334 0.30859375 0.64453125 0.3111979166666667 0.6458333333333334 0.30859375 0.65234375 0.3020833333333333 0.65234375 0.3020833333333333 0.6458333333333334 0.3046875 0.6432291666666666
3 0.2591145833333333 0.7057291666666666 0.2708333333333333 0.7057291666666666 0.2708333333333333 0.7135416666666666 0.2682291666666667 0.71484375 0.265625 0.7213541666666666 0.26171875 0.7213541666666666 0.26171875 0.71875 0.2565104166666667 0.7135416666666666 0.2591145833333333 0.70703125
3 0.4440104166666667 0.48828125 0.4479166666666667 0.48828125 0.4479166666666667 0.4908854166666667 0.4505208333333333 0.4921875 0.4505208333333333 0.4986979166666667 0.4466145833333333 0.4986979166666667 0.4453125 0.50390625 0.44140625 0.50390625 0.44140625 0.4921875 0.4440104166666667 0.4895833333333333
3 0.2877604166666667 0.6536458333333334 0.29296875 0.6536458333333334 0.29296875 0.65625 0.2981770833333333 0.6614583333333334 0.2955729166666667 0.6692708333333334 0.2877604166666667 0.6692708333333334 0.2877604166666667 0.6653645833333334 0.28515625 0.6640625 0.28515625 0.6575520833333334 0.2877604166666667 0.6549479166666666
3 0.19401041666666666 0.8111979166666666 0.203125 0.8111979166666666 0.203125 0.8138020833333334 0.20572916666666666 0.8151041666666666 0.20572916666666666 0.8255208333333334 0.203125 0.8268229166666666 0.203125 0.8294270833333334 0.19401041666666666 0.8294270833333334 0.19401041666666666 0.8268229166666666 0.19140625 0.8255208333333334 0.19140625 0.8151041666666666 0.19401041666666666 0.8125
3 0.50390625 0.5130208333333334 0.5078125 0.5130208333333334 0.5078125 0.515625 0.5104166666666666 0.5169270833333334 0.5078125 0.5234375 0.50390625 0.5234375 0.50390625 0.5208333333333334 0.5 0.51953125 0.5 0.5169270833333334 0.5026041666666666 0.5169270833333334 0.50390625 0.5143229166666666
3 0.4544270833333333 0.6302083333333334 0.47265625 0.6302083333333334 0.47265625 0.640625 0.4700520833333333 0.6419270833333334 0.4700520833333333 0.64453125 0.4544270833333333 0.64453125 0.4544270833333333 0.6419270833333334 0.4518229166666667 0.640625 0.4518229166666667 0.6341145833333334 0.4544270833333333 0.6315104166666666
3 0.3684895833333333 0.5729166666666666 0.37890625 0.5729166666666666 0.37890625 0.5794270833333334 0.3736979166666667 0.5794270833333334 0.3723958333333333 0.5846354166666666 0.3684895833333333 0.5846354166666666 0.3684895833333333 0.57421875
3 0.3932291666666667 0.4609375 0.3971354166666667 0.4609375 0.3971354166666667 0.4635416666666667 0.3997395833333333 0.46484375 0.3997395833333333 0.4713541666666667 0.3932291666666667 0.4713541666666667 0.3932291666666667 0.4622395833333333
3 0.4895833333333333 0.5208333333333334 0.4921875 0.5247395833333334 0.49609375 0.5247395833333334 0.49609375 0.53125 0.4895833333333333 0.53125 0.4869791666666667 0.53515625 0.4869791666666667 0.5325520833333334 0.484375 0.53125 0.484375 0.5247395833333334 0.48828125 0.5247395833333334 0.4895833333333333 0.5221354166666666
3 0.3984375 0.5403645833333334 0.4049479166666667 0.5403645833333334 0.4049479166666667 0.5481770833333334 0.40234375 0.5494791666666666 0.40234375 0.5520833333333334 0.3984375 0.5520833333333334 0.3984375 0.5494791666666666 0.3958333333333333 0.5481770833333334 0.3984375 0.5416666666666666
3 0.4140625 0.5208333333333334 0.4244791666666667 0.5208333333333334 0.4244791666666667 0.52734375 0.4205729166666667 0.52734375 0.4192708333333333 0.53125 0.4140625 0.53125 0.4140625 0.5221354166666666
3 0.10807291666666667 0.96875 0.1171875 0.96875 0.11848958333333333 0.97265625 0.12239583333333333 0.97265625 0.12239583333333333 0.9869791666666666 0.11979166666666667 0.98828125 0.11979166666666667 0.9947916666666666 0.11328125 0.9947916666666666 0.11197916666666667 0.9986979166666666 0.10546875 0.9986979166666666 0.10546875 0.984375 0.10286458333333333 0.9830729166666666 0.10286458333333333 0.9765625 0.10807291666666667 0.9700520833333334
3 0.5065104166666666 0.49609375 0.5104166666666666 0.49609375 0.5104166666666666 0.5078125 0.5 0.5078125 0.5065104166666666 0.4973958333333333
3 0.51953125 0.484375 0.5234375 0.484375 0.5234375 0.4947916666666667 0.5208333333333334 0.49609375 0.5208333333333334 0.4986979166666667 0.5169270833333334 0.4947916666666667 0.5169270833333334 0.48828125 0.51953125 0.4856770833333333
3 0.44921875 0.59375 0.4596354166666667 0.59375 0.4596354166666667 0.6041666666666666 0.4544270833333333 0.6041666666666666 0.453125 0.6080729166666666 0.4440104166666667 0.6080729166666666 0.4440104166666667 0.60546875 0.44140625 0.6041666666666666 0.4440104166666667 0.59765625 0.4479166666666667 0.59765625 0.44921875 0.5950520833333334
3 0.4361979166666667 0.5052083333333334 0.4401041666666667 0.51171875 0.4375 0.5130208333333334 0.4348958333333333 0.51953125 0.4283854166666667 0.51953125 0.4283854166666667 0.5130208333333334 0.4361979166666667 0.5065104166666666
3 0.4713541666666667 0.5690104166666666 0.4830729166666667 0.5690104166666666 0.4830729166666667 0.5794270833333334 0.4713541666666667 0.5794270833333334 0.4713541666666667 0.5768229166666666 0.46875 0.5755208333333334 0.4713541666666667 0.5703125
3 0.4231770833333333 0.5169270833333334 0.4296875 0.5169270833333334 0.4296875 0.5234375 0.4270833333333333 0.5247395833333334 0.4270833333333333 0.52734375 0.4205729166666667 0.52734375 0.4205729166666667 0.5208333333333334 0.4231770833333333 0.5182291666666666
3 0.5169270833333334 0.4921875 0.5234375 0.4921875 0.5208333333333334 0.50390625 0.5169270833333334 0.50390625 0.5169270833333334 0.4934895833333333
3 0.44921875 0.96484375 0.4622395833333333 0.96484375 0.4635416666666667 0.96875 0.4700520833333333 0.96875 0.4700520833333333 0.9713541666666666 0.47265625 0.97265625 0.47265625 0.9908854166666666 0.4752604166666667 0.9921875 0.47265625 0.9986979166666666 0.45703125 0.9986979166666666 0.4557291666666667 0.9947916666666666 0.4518229166666667 0.9947916666666666 0.4518229166666667 0.98828125 0.44921875 0.9869791666666666 0.44921875 0.9765625 0.4466145833333333 0.9752604166666666 0.4466145833333333 0.96875 0.44921875 0.9661458333333334
3 0.234375 0.73828125 0.24088541666666666 0.73828125 0.24088541666666666 0.7408854166666666 0.24348958333333334 0.7421875 0.24088541666666666 0.75390625 0.234375 0.75390625 0.234375 0.75 0.23177083333333334 0.7486979166666666 0.23177083333333334 0.7421875 0.234375 0.7395833333333334
3 0.3802083333333333 0.5533854166666666 0.3841145833333333 0.5572916666666666 0.3841145833333333 0.5638020833333334 0.3815104166666667 0.5651041666666666 0.3815104166666667 0.5677083333333334 0.37890625 0.5638020833333334 0.3736979166666667 0.5638020833333334 0.3736979166666667 0.5611979166666666 0.3763020833333333 0.5611979166666666 0.3802083333333333 0.5546875
3 0.4231770833333333 0.859375 0.4270833333333333 0.859375 0.4283854166666667 0.86328125 0.4348958333333333 0.86328125 0.4348958333333333 0.8658854166666666 0.4375 0.8671875 0.4375 0.8828125 0.43359375 0.8828125 0.4322916666666667 0.88671875 0.4283854166666667 0.88671875 0.4283854166666667 0.8841145833333334 0.4231770833333333 0.8828125 0.421875 0.87890625 0.4140625 0.87890625 0.4140625 0.87109375 0.4166666666666667 0.8697916666666666 0.4166666666666667 0.8671875 0.4205729166666667 0.8658854166666666 0.4231770833333333 0.8606770833333334
3 0.4713541666666667 0.5494791666666666 0.4778645833333333 0.5494791666666666 0.4778645833333333 0.5520833333333334 0.48046875 0.5533854166666666 0.4778645833333333 0.5598958333333334 0.4661458333333333 0.5598958333333334 0.4661458333333333 0.5533854166666666 0.4700520833333333 0.5533854166666666 0.4713541666666667 0.55078125
3 0.4518229166666667 0.7421875 0.4557291666666667 0.7421875 0.45703125 0.74609375 0.4622395833333333 0.74609375 0.4622395833333333 0.7486979166666666 0.46484375 0.75 0.46484375 0.7578125 0.4700520833333333 0.7591145833333334 0.4700520833333333 0.765625 0.47265625 0.7669270833333334 0.47265625 0.7981770833333334 0.4700520833333333 0.7994791666666666 0.4700520833333333 0.8020833333333334 0.4661458333333333 0.8020833333333334 0.46484375 0.8059895833333334 0.4518229166666667 0.8059895833333334 0.4505208333333333 0.8020833333333334 0.4466145833333333 0.8020833333333334 0.4466145833333333 0.7864583333333334 0.4440104166666667 0.78515625 0.4440104166666667 0.7786458333333334 0.44140625 0.77734375 0.44140625 0.7630208333333334 0.4388020833333333 0.76171875 0.4388020833333333 0.7591145833333334 0.4440104166666667 0.75390625 0.4466145833333333 0.74609375 0.4505208333333333 0.74609375 0.4518229166666667 0.7434895833333334
3 0.5143229166666666 0.46875 0.5182291666666666 0.46875 0.5208333333333334 0.4752604166666667 0.5260416666666666 0.4765625 0.5260416666666666 0.4869791666666667 0.5221354166666666 0.4908854166666667 0.5221354166666666 0.48828125 0.5169270833333334 0.4830729166666667 0.5143229166666666 0.4700520833333333
3 0.4947916666666667 0.5325520833333334 0.4986979166666667 0.5364583333333334 0.4986979166666667 0.5442708333333334 0.4921875 0.5442708333333334 0.4921875 0.5403645833333334 0.4895833333333333 0.5390625 0.4895833333333333 0.5364583333333334 0.4934895833333333 0.5364583333333334 0.4947916666666667 0.5338541666666666
3 0.44140625 0.5 0.4453125 0.5 0.4453125 0.5078125 0.4427083333333333 0.5091145833333334 0.4401041666666667 0.515625 0.4361979166666667 0.515625 0.44140625 0.5013020833333334
3 0.4947916666666667 0.5052083333333334 0.5026041666666666 0.5052083333333334 0.5026041666666666 0.5078125 0.5052083333333334 0.5091145833333334 0.5026041666666666 0.515625 0.4921875 0.515625 0.4921875 0.5091145833333334 0.4947916666666667 0.5065104166666666
3 0.4036458333333333 0.5286458333333334 0.41015625 0.5286458333333334 0.41015625 0.53515625 0.4075520833333333 0.5364583333333334 0.4075520833333333 0.5390625 0.3984375 0.5390625 0.4036458333333333 0.5299479166666666
3 0.4388020833333333 0.5 0.4401041666666667 0.51171875 0.43359375 0.51171875 0.43359375 0.5052083333333334 0.4375 0.5052083333333334 0.4388020833333333 0.5013020833333334
3 0.4283854166666667 0.5091145833333334 0.4348958333333333 0.5091145833333334 0.4348958333333333 0.515625 0.4322916666666667 0.5169270833333334 0.4296875 0.5234375 0.42578125 0.51953125 0.42578125 0.5169270833333334 0.4283854166666667 0.515625 0.4283854166666667 0.5104166666666666