3 0.3697916666666667 0.76953125 0.37890625 0.7708333333333334 0.3828125 0.7747395833333334 0.3828125 0.7799479166666666 0.37109375 0.78125 0.359375 0.7799479166666666 0.3502604166666667 0.7721354166666666 0.3541666666666667 0.76953125 0.3684895833333333 0.76953125
3 0.5091145833333334 0.72265625 0.51953125 0.7265625 0.5234375 0.73046875 0.5221354166666666 0.734375 0.5169270833333334 0.7356770833333334 0.5 0.7356770833333334 0.4921875 0.7291666666666666 0.4934895833333333 0.72265625 0.5078125 0.72265625
3 0.5846354166666666 0.6302083333333334 0.59765625 0.6380208333333334 0.59765625 0.6432291666666666 0.5911458333333334 0.6471354166666666 0.5859375 0.6458333333333334 0.5794270833333334 0.6393229166666666 0.5794270833333334 0.6328125 0.5833333333333334 0.6302083333333334
3 0.5260416666666666 0.7135416666666666 0.5286458333333334 0.7109375 0.5377604166666666 0.7096354166666666 0.55078125 0.7109375 0.5559895833333334 0.7174479166666666 0.5494791666666666 0.72265625 0.5338541666666666 0.7213541666666666 0.5286458333333334 0.71875 0.52734375 0.71484375
3 0.5651041666666666 0.6510416666666666 0.5690104166666666 0.6497395833333334 0.5807291666666666 0.65234375 0.5859375 0.6588541666666666 0.5833333333333334 0.6640625 0.5690104166666666 0.6588541666666666 0.56640625 0.65234375
3 0.3151041666666667 0.7721354166666666 0.3333333333333333 0.7799479166666666 0.3333333333333333 0.7838541666666666 0.3268229166666667 0.7877604166666666 0.30859375 0.7864583333333334 0.3033854166666667 0.7760416666666666 0.3072916666666667 0.7721354166666666 0.3138020833333333 0.7721354166666666
3 0.045572916666666664 0.83984375 0.044270833333333336 0.8346354166666666 0.048177083333333336 0.8307291666666666 0.06510416666666667 0.8307291666666666 0.06770833333333333 0.8346354166666666 0.06510416666666667 0.8385416666666666 0.061197916666666664 0.83984375 0.046875 0.83984375
3 0.4036458333333333 0.7513020833333334 0.4244791666666667 0.7513020833333334 0.4361979166666667 0.7604166666666666 0.4348958333333333 0.765625 0.4322916666666667 0.7669270833333334 0.41796875 0.7669270833333334 0.40625 0.76171875 0.40234375 0.7565104166666666 0.4036458333333333 0.7526041666666666
3 0 0.83984375 0.020833333333333332 0.8385416666666666 0.024739583333333332 0.8411458333333334 0.015625 0.8489583333333334 0.0026041666666666665 0.84765625 0 0.8463541666666666 0 0.8411458333333334
3 0.20703125 0.796875 0.20963541666666666 0.7942708333333334 0.22135416666666666 0.7942708333333334 0.23046875 0.796875 0.234375 0.80078125 0.23307291666666666 0.8033854166666666 0.22265625 0.80859375 0.21484375 0.80859375 0.20833333333333334 0.7981770833333334
3 0.48046875 0.7408854166666666 0.4895833333333333 0.7473958333333334 0.4830729166666667 0.7565104166666666 0.4739583333333333 0.7565104166666666 0.4596354166666667 0.7486979166666666 0.4596354166666667 0.7447916666666666 0.4635416666666667 0.7421875 0.4791666666666667 0.7408854166666666
3 0.09375 0.8307291666666666 0.11588541666666667 0.8294270833333334 0.12760416666666666 0.83203125 0.12760416666666666 0.8385416666666666 0.11848958333333333 0.8411458333333334 0.1015625 0.8411458333333334 0.09375 0.8346354166666666 0.09375 0.83203125
3 0.2903645833333333 0.7890625 0.2955729166666667 0.7916666666666666 0.3033854166666667 0.80078125 0.2981770833333333 0.8046875 0.2734375 0.8033854166666666 0.2630208333333333 0.796875 0.26171875 0.7903645833333334 0.2734375 0.7877604166666666 0.2890625 0.7890625
3 0.578125 0.6106770833333334 0.5846354166666666 0.6223958333333334 0.58203125 0.625 0.5690104166666666 0.6223958333333334 0.5690104166666666 0.61328125 0.5768229166666666 0.6119791666666666
3 0.2877604166666667 0.7877604166666666 0.3020833333333333 0.7994791666666666 0.3020833333333333 0.8033854166666666 0.2747395833333333 0.8033854166666666 0.265625 0.7994791666666666 0.26171875 0.7942708333333334 0.2630208333333333 0.7903645833333334 0.2864583333333333 0.7877604166666666
3 0.48046875 0.7408854166666666 0.49609375 0.75 0.4947916666666667 0.75390625 0.4869791666666667 0.7591145833333334 0.4791666666666667 0.7591145833333334 0.4596354166666667 0.7473958333333334 0.4596354166666667 0.7447916666666666 0.4635416666666667 0.7421875 0.4791666666666667 0.7408854166666666
3 0.15234375 0.8151041666666666 0.16276041666666666 0.8203125 0.1640625 0.82421875 0.15885416666666666 0.8294270833333334 0.14583333333333334 0.8294270833333334 0.140625 0.8268229166666666 0.140625 0.8177083333333334 0.14453125 0.8151041666666666 0.15104166666666666 0.8151041666666666
3 0.5885416666666666 0.5950520833333334 0.5950520833333334 0.5989583333333334 0.5950520833333334 0.6028645833333334 0.5911458333333334 0.60546875 0.5833333333333334 0.60546875 0.5807291666666666 0.6028645833333334 0.5885416666666666 0.5963541666666666
3 0.5442708333333334 0.6848958333333334 0.55859375 0.6901041666666666 0.5638020833333334 0.6953125 0.5638020833333334 0.69921875 0.5572916666666666 0.7005208333333334 0.546875 0.69921875 0.5364583333333334 0.6888020833333334 0.54296875 0.6848958333333334
3 0.2786458333333333 0 0.30859375 0 0.3046875 0.005208333333333333 0.296875 0.0078125 0.2799479166666667 0.006510416666666667 0.27734375 0.005208333333333333 0.2786458333333333 0.0013020833333333333
3 0.20833333333333334 0.8111979166666666 0.21614583333333334 0.8203125 0.21614583333333334 0.82421875 0.20963541666666666 0.8294270833333334 0.20052083333333334 0.8294270833333334 0.19140625 0.82421875 0.1875 0.82421875 0.17838541666666666 0.8151041666666666 0.1796875 0.8111979166666666 0.20703125 0.8111979166666666
3 0.58203125 0.6705729166666666 0.58984375 0.67578125 0.5924479166666666 0.6809895833333334 0.58984375 0.6848958333333334 0.5755208333333334 0.6848958333333334 0.5690104166666666 0.6822916666666666 0.56640625 0.6783854166666666 0.56640625 0.67578125 0.5716145833333334 0.6705729166666666 0.5807291666666666 0.6705729166666666
4 0.5651041666666666 0.5208333333333334 0.57421875 0.5143229166666666 0.5768229166666666 0.5013020833333334 0.5846354166666666 0.5 0.5885416666666666 0.5052083333333334 0.5885416666666666 0.5169270833333334 0.5924479166666666 0.5208333333333334 0.5963541666666666 0.5208333333333334 0.6002604166666666 0.52734375 0.6041666666666666 0.5455729166666666 0.609375 0.5572916666666666 0.609375 0.5638020833333334 0.6067708333333334 0.56640625 0.6002604166666666 0.55078125 0.5963541666666666 0.55078125 0.5963541666666666 0.5638020833333334 0.58984375 0.5729166666666666 0.5872395833333334 0.6015625 0.58203125 0.6015625 0.578125 0.60546875 0.5768229166666666 0.6119791666666666 0.5807291666666666 0.6223958333333334 0.57421875 0.6223958333333334 0.5716145833333334 0.6197916666666666 0.5703125 0.5794270833333334 0.56640625 0.5690104166666666 0.56640625 0.5546875 0.5651041666666666 0.546875 0.5625 0.5455729166666666 0.5611979166666666 0.5403645833333334 0.5625 0.5247395833333334 0.5651041666666666 0.5221354166666666