3 0.6341145833333334 0.77734375 0.640625 0.7799479166666666 0.640625 0.7864583333333334 0.6341145833333334 0.7916666666666666 0.6197916666666666 0.7955729166666666 0.5989583333333334 0.7942708333333334 0.59375 0.7890625 0.5950520833333334 0.7838541666666666 0.6028645833333334 0.7786458333333334 0.6328125 0.77734375
3 0.609375 0.58984375 0.62109375 0.58984375 0.6276041666666666 0.5924479166666666 0.6276041666666666 0.5950520833333334 0.6158854166666666 0.5950520833333334 0.609375 0.5911458333333334
3 0.6145833333333334 0.7200520833333334 0.6236979166666666 0.72265625 0.6236979166666666 0.7252604166666666 0.6145833333333334 0.7317708333333334 0.5989583333333334 0.7369791666666666 0.5833333333333334 0.7356770833333334 0.5729166666666666 0.7291666666666666 0.5729166666666666 0.7239583333333334 0.5859375 0.7200520833333334 0.61328125 0.7200520833333334
3 0.6354166666666666 0.671875 0.6588541666666666 0.6705729166666666 0.6627604166666666 0.671875 0.66796875 0.6783854166666666 0.6640625 0.6822916666666666 0.65625 0.6822916666666666 0.64453125 0.6796875 0.6354166666666666 0.6731770833333334
3 0.5950520833333334 0.5703125 0.6067708333333334 0.5703125 0.6080729166666666 0.5755208333333334 0.6106770833333334 0.5768229166666666 0.6080729166666666 0.578125 0.60546875 0.5729166666666666 0.5950520833333334 0.5716145833333334
3 0.61328125 0.6119791666666666 0.62890625 0.6119791666666666 0.63671875 0.6158854166666666 0.6341145833333334 0.6184895833333334 0.6197916666666666 0.6184895833333334 0.61328125 0.6158854166666666 0.61328125 0.61328125
3 0.6067708333333334 0.5729166666666666 0.6184895833333334 0.5768229166666666 0.62109375 0.5833333333333334 0.6236979166666666 0.5846354166666666 0.6158854166666666 0.5859375 0.609375 0.5833333333333334 0.6041666666666666 0.578125 0.6067708333333334 0.57421875
3 0.66015625 0.7434895833333334 0.67578125 0.7526041666666666 0.67578125 0.7591145833333334 0.6627604166666666 0.7630208333333334 0.6432291666666666 0.76171875 0.6354166666666666 0.7591145833333334 0.62890625 0.7526041666666666 0.62890625 0.7486979166666666 0.6341145833333334 0.7447916666666666 0.6588541666666666 0.7434895833333334
3 0.7643229166666666 0.9231770833333334 0.7786458333333334 0.9296875 0.8033854166666666 0.9348958333333334 0.8111979166666666 0.94140625 0.81640625 0.94140625 0.8229166666666666 0.9479166666666666 0.8216145833333334 0.9596354166666666 0.7877604166666666 0.9596354166666666 0.7721354166666666 0.9622395833333334 0.7604166666666666 0.9622395833333334 0.7395833333333334 0.95703125 0.734375 0.953125 0.7278645833333334 0.9518229166666666 0.71484375 0.9375 0.71484375 0.9296875 0.73046875 0.9205729166666666 0.7552083333333334 0.9205729166666666 0.7630208333333334 0.9231770833333334
3 0.5638020833333334 0.5572916666666666 0.5794270833333334 0.55859375 0.58984375 0.5690104166666666 0.5885416666666666 0.5716145833333334 0.5716145833333334 0.5703125 0.5638020833333334 0.5651041666666666 0.5638020833333334 0.55859375
3 0.5794270833333334 0.5638020833333334 0.5833333333333334 0.5677083333333334 0.5885416666666666 0.5690104166666666 0.5924479166666666 0.5729166666666666 0.5924479166666666 0.5768229166666666 0.57421875 0.57421875 0.5716145833333334 0.5703125 0.5729166666666666 0.56640625 0.5677083333333334 0.5651041666666666 0.5677083333333334 0.5625 0.5755208333333334 0.5611979166666666 0.578125 0.5638020833333334
3 0.7591145833333334 0.7994791666666666 0.7669270833333334 0.8020833333333334 0.8138020833333334 0.8046875 0.82421875 0.8098958333333334 0.85546875 0.81640625 0.8606770833333334 0.8190104166666666 0.8658854166666666 0.8268229166666666 0.8645833333333334 0.8307291666666666 0.8580729166666666 0.83203125 0.84765625 0.8385416666666666 0.8294270833333334 0.8424479166666666 0.7786458333333334 0.8463541666666666 0.7421875 0.8424479166666666 0.7174479166666666 0.8424479166666666 0.6953125 0.8346354166666666 0.6796875 0.83203125 0.67578125 0.8229166666666666 0.6549479166666666 0.8151041666666666 0.6575520833333334 0.8098958333333334 0.6692708333333334 0.80859375 0.6783854166666666 0.8033854166666666 0.7044270833333334 0.8033854166666666 0.75 0.7981770833333334 0.7578125 0.7994791666666666
3 0.6236979166666666 0.6822916666666666 0.6276041666666666 0.68359375 0.6276041666666666 0.6888020833333334 0.6119791666666666 0.6940104166666666 0.5963541666666666 0.6940104166666666 0.5872395833333334 0.6901041666666666 0.5872395833333334 0.6861979166666666 0.5950520833333334 0.6822916666666666 0.6223958333333334 0.6822916666666666
3 0.5859375 0.5651041666666666 0.5924479166666666 0.5690104166666666 0.59375 0.57421875 0.6015625 0.5794270833333334 0.6028645833333334 0.5833333333333334 0.5859375 0.5807291666666666 0.57421875 0.5729166666666666 0.5716145833333334 0.5703125 0.5729166666666666 0.5677083333333334 0.5846354166666666 0.5651041666666666
3 0.5729166666666666 0.5716145833333334 0.5885416666666666 0.5716145833333334 0.59375 0.5755208333333334 0.59375 0.5807291666666666 0.5833333333333334 0.5807291666666666 0.5729166666666666 0.5729166666666666
3 0.5872395833333334 0.5768229166666666 0.5924479166666666 0.5768229166666666 0.5950520833333334 0.5807291666666666 0.5989583333333334 0.5807291666666666 0.60546875 0.5859375 0.60546875 0.58984375 0.6028645833333334 0.5911458333333334 0.58203125 0.5885416666666666 0.5807291666666666 0.5807291666666666 0.5872395833333334 0.578125
3 0.5950520833333334 0.5859375 0.6028645833333334 0.58984375 0.6015625 0.5950520833333334 0.59765625 0.59765625 0.5872395833333334 0.59765625 0.58203125 0.5950520833333334 0.5807291666666666 0.5885416666666666 0.5833333333333334 0.5846354166666666 0.59375 0.5859375
3 0.625 0.64453125 0.6419270833333334 0.64453125 0.6549479166666666 0.6510416666666666 0.6510416666666666 0.6549479166666666 0.6380208333333334 0.6549479166666666 0.6263020833333334 0.6497395833333334 0.625 0.6458333333333334
3 0.59375 0.5572916666666666 0.6015625 0.5638020833333334 0.6015625 0.5690104166666666 0.59765625 0.5716145833333334 0.58984375 0.5703125 0.5833333333333334 0.56640625 0.5833333333333334 0.55859375 0.5872395833333334 0.5559895833333334 0.5924479166666666 0.5572916666666666
3 0.6888020833333334 0.9869791666666666 0.69921875 0.9895833333333334 0.7122395833333334 0.9986979166666666 0.6640625 0.9986979166666666 0.6614583333333334 0.9973958333333334 0.6614583333333334 0.9947916666666666 0.6783854166666666 0.9869791666666666 0.6875 0.9869791666666666
3 0.59375 0.6028645833333334 0.60546875 0.6041666666666666 0.6067708333333334 0.609375 0.58203125 0.609375 0.5833333333333334 0.60546875 0.5924479166666666 0.6041666666666666
3 0.7213541666666666 0.8190104166666666 0.7278645833333334 0.8216145833333334 0.7369791666666666 0.8216145833333334 0.74609375 0.8255208333333334 0.7513020833333334 0.8307291666666666 0.7513020833333334 0.8385416666666666 0.7421875 0.8424479166666666 0.7174479166666666 0.8424479166666666 0.6875 0.83203125 0.6861979166666666 0.8268229166666666 0.69140625 0.8229166666666666 0.7083333333333334 0.8190104166666666 0.7200520833333334 0.8190104166666666
3 0.61328125 0.6002604166666666 0.6276041666666666 0.5989583333333334 0.6341145833333334 0.6015625 0.6341145833333334 0.60546875 0.6197916666666666 0.60546875 0.61328125 0.6015625
3 0.62109375 0.65625 0.625 0.6575520833333334 0.6236979166666666 0.66015625 0.6106770833333334 0.6653645833333334 0.5950520833333334 0.6653645833333334 0.58984375 0.6627604166666666 0.58984375 0.6588541666666666 0.5963541666666666 0.6549479166666666 0.6197916666666666 0.65625
3 0.44140625 0.4739583333333333 0.4544270833333333 0.4765625 0.4635416666666667 0.4830729166666667 0.4830729166666667 0.4908854166666667 0.4908854166666667 0.5 0.5338541666666666 0.5221354166666666 0.5455729166666666 0.5247395833333334 0.5559895833333334 0.53125 0.5794270833333334 0.5390625 0.58203125 0.546875 0.5872395833333334 0.5520833333333334 0.59765625 0.5572916666666666 0.609375 0.5716145833333334 0.6184895833333334 0.5755208333333334 0.62109375 0.58203125 0.6276041666666666 0.5885416666666666 0.6302083333333334 0.59765625 0.6380208333333334 0.6028645833333334 0.63671875 0.6067708333333334 0.6328125 0.609375 0.6341145833333334 0.6145833333333334 0.63671875 0.6158854166666666 0.6328125 0.6223958333333334 0.6393229166666666 0.62890625 0.6419270833333334 0.62890625 0.6419270833333334 0.6341145833333334 0.6341145833333334 0.63671875 0.6341145833333334 0.6419270833333334 0.6302083333333334 0.6432291666666666 0.6497395833333334 0.6458333333333334 0.65625 0.6510416666666666 0.6536458333333334 0.6549479166666666 0.6497395833333334 0.65625 0.6315104166666666 0.65625 0.6302083333333334 0.66015625 0.6328125 0.6614583333333334 0.6328125 0.6640625 0.6302083333333334 0.6653645833333334 0.6263020833333334 0.6653645833333334 0.6236979166666666 0.6627604166666666 0.6145833333333334 0.6653645833333334 0.5911458333333334 0.6640625 0.5859375 0.66015625 0.5872395833333334 0.65625 0.5950520833333334 0.6549479166666666 0.5911458333333334 0.6497395833333334 0.59765625 0.6497395833333334 0.5989583333333334 0.6536458333333334 0.6002604166666666 0.6510416666666666 0.6067708333333334 0.6497395833333334 0.6119791666666666 0.6432291666666666 0.6041666666666666 0.6419270833333334 0.5989583333333334 0.64453125 0.5950520833333334 0.6419270833333334 0.5872395833333334 0.6419270833333334 0.5872395833333334 0.63671875 0.5963541666666666 0.6328125 0.6145833333333334 0.6354166666666666 0.6158854166666666 0.6315104166666666 0.6106770833333334 0.6263020833333334 0.58984375 0.625 0.5833333333333334 0.6197916666666666 0.5885416666666666 0.6184895833333334 0.5911458333333334 0.61328125 0.58203125 0.609375 0.58203125 0.60546875 0.5859375 0.6015625 0.578125 0.59375 0.578125 0.5885416666666666 0.5807291666666666 0.5872395833333334 0.5807291666666666 0.5846354166666666 0.5651041666666666 0.5703125 0.5611979166666666 0.5611979166666666 0.5559895833333334 0.55859375 0.5546875 0.55078125 0.5377604166666666 0.5364583333333334 0.5364583333333334 0.53125 0.5299479166666666 0.5299479166666666 0.5221354166666666 0.5247395833333334 0.5130208333333334 0.5234375 0.5091145833333334 0.51953125 0.4817708333333333 0.5078125 0.4700520833333333 0.4908854166666667 0.45703125 0.4817708333333333 0.4505208333333333 0.4817708333333333 0.4427083333333333 0.4752604166666667
3 0.69921875 0.8125 0.73828125 0.8203125 0.74609375 0.82421875 0.7526041666666666 0.83203125 0.7526041666666666 0.83984375 0.734375 0.84375 0.71484375 0.8424479166666666 0.69140625 0.8346354166666666 0.6888020833333334 0.83203125 0.6822916666666666 0.83203125 0.6783854166666666 0.828125 0.6783854166666666 0.8229166666666666 0.67578125 0.8203125 0.6575520833333334 0.81640625 0.6549479166666666 0.8138020833333334 0.6575520833333334 0.8098958333333334 0.6666666666666666 0.80859375 0.6809895833333334 0.80859375 0.6979166666666666 0.8125
3 0.60546875 0.6171875 0.6119791666666666 0.6197916666666666 0.60546875 0.6236979166666666 0.5859375 0.6223958333333334 0.5859375 0.6197916666666666 0.58984375 0.6184895833333334 0.6041666666666666 0.6171875
3 0.6080729166666666 0.6341145833333334 0.6145833333333334 0.63671875 0.6145833333333334 0.6393229166666666 0.6080729166666666 0.6419270833333334 0.5872395833333334 0.6419270833333334 0.5872395833333334 0.6380208333333334 0.5911458333333334 0.6354166666666666 0.6067708333333334 0.6341145833333334
3 0.6263020833333334 0.8606770833333334 0.6302083333333334 0.8580729166666666 0.6640625 0.8567708333333334 0.6744791666666666 0.8541666666666666 0.6979166666666666 0.8580729166666666 0.6953125 0.8619791666666666 0.6875 0.8658854166666666 0.6809895833333334 0.875 0.6588541666666666 0.8802083333333334 0.6223958333333334 0.87890625 0.6171875 0.8736979166666666 0.6197916666666666 0.8723958333333334 0.6223958333333334 0.8645833333333334 0.6263020833333334 0.8619791666666666
3 0.58203125 0.55078125 0.5989583333333334 0.5611979166666666 0.5989583333333334 0.56640625 0.5950520833333334 0.5690104166666666 0.5833333333333334 0.56640625 0.5807291666666666 0.5572916666666666 0.58203125 0.5520833333333334
3 0.6393229166666666 0.7057291666666666 0.64453125 0.703125 0.6640625 0.703125 0.67578125 0.7109375 0.66796875 0.7161458333333334 0.65625 0.7161458333333334 0.64453125 0.7135416666666666 0.6393229166666666 0.70703125
3 0.63671875 0.6263020833333334 0.6419270833333334 0.62890625 0.640625 0.6341145833333334 0.6263020833333334 0.6341145833333334 0.6197916666666666 0.6302083333333334 0.62109375 0.6263020833333334 0.6354166666666666 0.6263020833333334
4 0.4361979166666667 0.4479166666666667 0.4401041666666667 0.453125 0.4388020833333333 0.4609375 0.4361979166666667 0.4622395833333333 0.4361979166666667 0.46875 0.4322916666666667 0.46875 0.4322916666666667 0.4622395833333333 0.4270833333333333 0.45703125 0.4296875 0.4505208333333333 0.4348958333333333 0.4479166666666667