3 0.171875 0.7864583333333334 0.19270833333333334 0.7877604166666666 0.19270833333333334 0.7903645833333334 0.1875 0.7916666666666666 0.17447916666666666 0.7916666666666666 0.171875 0.7903645833333334 0.171875 0.7877604166666666
3 0.5403645833333334 0.6809895833333334 0.5442708333333334 0.6861979166666666 0.5416666666666666 0.6888020833333334 0.5364583333333334 0.6888020833333334 0.53125 0.6848958333333334 0.53125 0.6822916666666666 0.5390625 0.6809895833333334
3 0.34375 0.7604166666666666 0.359375 0.7591145833333334 0.3671875 0.7643229166666666 0.3658854166666667 0.7682291666666666 0.3541666666666667 0.7682291666666666 0.3450520833333333 0.765625 0.34375 0.76171875
3 0.4296875 0.7408854166666666 0.4440104166666667 0.7395833333333334 0.4466145833333333 0.7421875 0.4440104166666667 0.74609375 0.4361979166666667 0.74609375 0.4309895833333333 0.7421875
3 0.5338541666666666 0.69921875 0.5403645833333334 0.6927083333333334 0.5455729166666666 0.6940104166666666 0.55078125 0.69921875 0.5494791666666666 0.7018229166666666 0.5416666666666666 0.703125 0.53515625 0.7005208333333334
3 0.4830729166666667 0.6796875 0.49609375 0.6783854166666666 0.4947916666666667 0.6809895833333334 0.484375 0.6809895833333334
3 0.546875 0.6731770833333334 0.5533854166666666 0.6770833333333334 0.5520833333333334 0.6809895833333334 0.5442708333333334 0.6809895833333334 0.5416666666666666 0.6783854166666666 0.5416666666666666 0.6744791666666666 0.5455729166666666 0.6731770833333334
3 0.5234375 0.7161458333333334 0.5247395833333334 0.7213541666666666 0.5221354166666666 0.7239583333333334 0.5130208333333334 0.7239583333333334 0.5091145833333334 0.7200520833333334 0.5104166666666666 0.7161458333333334 0.5221354166666666 0.7161458333333334
3 0.2669270833333333 0.7760416666666666 0.2760416666666667 0.7747395833333334 0.2799479166666667 0.7786458333333334 0.2786458333333333 0.78125 0.2682291666666667 0.78125 0.2669270833333333 0.77734375
3 0.3098958333333333 0.7721354166666666 0.3111979166666667 0.7760416666666666 0.30859375 0.77734375 0.2942708333333333 0.77734375 0.2903645833333333 0.7734375 0.30859375 0.7721354166666666
3 0.3776041666666667 0.7513020833333334 0.38671875 0.7552083333333334 0.3841145833333333 0.7604166666666666 0.3736979166666667 0.7604166666666666 0.3697916666666667 0.7565104166666666 0.3697916666666667 0.7513020833333334 0.3763020833333333 0.7513020833333334
3 0.044270833333333336 0.7955729166666666 0.05078125 0.796875 0.05078125 0.80078125 0.032552083333333336 0.80078125 0.029947916666666668 0.796875 0.04296875 0.7955729166666666
3 0.5403645833333334 0.6640625 0.54296875 0.66796875 0.5403645833333334 0.671875 0.53515625 0.66796875 0.5390625 0.6640625
3 0.5494791666666666 0.6536458333333334 0.55078125 0.65625 0.5481770833333334 0.6588541666666666 0.5442708333333334 0.6588541666666666 0.5442708333333334 0.65625 0.5481770833333334 0.6536458333333334
3 0.46875 0.734375 0.484375 0.734375 0.4869791666666667 0.7369791666666666 0.4830729166666667 0.7421875 0.4739583333333333 0.7421875 0.46875 0.73828125 0.46875 0.7356770833333334
3 0.2916666666666667 0.7734375 0.3111979166666667 0.7734375 0.3072916666666667 0.78125 0.296875 0.7799479166666666 0.2916666666666667 0.7747395833333334
3 0.11848958333333333 0.7916666666666666 0.12109375 0.7942708333333334 0.11197916666666667 0.7981770833333334 0.10286458333333333 0.796875 0.1015625 0.79296875 0.1171875 0.7916666666666666
3 0.3111979166666667 0.7630208333333334 0.3190104166666667 0.7630208333333334 0.3216145833333333 0.765625 0.3203125 0.7682291666666666 0.3138020833333333 0.7708333333333334 0.3098958333333333 0.765625 0.3111979166666667 0.7643229166666666
3 0.5572916666666666 0.6783854166666666 0.55078125 0.6848958333333334 0.5416666666666666 0.6822916666666666 0.5416666666666666 0.6783854166666666 0.5442708333333334 0.67578125 0.5559895833333334 0.6783854166666666
3 0.23828125 0.7825520833333334 0.2578125 0.7825520833333334 0.2578125 0.7864583333333334 0.2526041666666667 0.7890625 0.2421875 0.7890625 0.23828125 0.7864583333333334 0.23828125 0.7838541666666666
3 0.078125 0.7916666666666666 0.078125 0.796875 0.06510416666666667 0.796875 0.0625 0.7942708333333334 0.06510416666666667 0.7916666666666666 0.07682291666666667 0.7916666666666666
3 0.21875 0.7838541666666666 0.22005208333333334 0.7864583333333334 0.21354166666666666 0.7890625 0.20833333333333334 0.7890625 0.20572916666666666 0.7864583333333334 0.21744791666666666 0.7838541666666666
3 0.515625 0.703125 0.5234375 0.703125 0.5299479166666666 0.70703125 0.5299479166666666 0.7096354166666666 0.5221354166666666 0.7109375 0.515625 0.7044270833333334
3 0.17317708333333334 0.7864583333333334 0.19270833333333334 0.7864583333333334 0.19401041666666666 0.7890625 0.19010416666666666 0.7916666666666666 0.17447916666666666 0.7916666666666666 0.171875 0.7890625 0.17317708333333334 0.7877604166666666
3 0 0.7994791666666666 0.01171875 0.7994791666666666 0.01953125 0.8046875 0.015625 0.80859375 0 0.8072916666666666 0 0.80078125
3 0.5481770833333334 0.6731770833333334 0.5572916666666666 0.6783854166666666 0.5481770833333334 0.6822916666666666 0.5442708333333334 0.6822916666666666 0.5403645833333334 0.6783854166666666 0.54296875 0.6731770833333334 0.546875 0.6731770833333334
3 0.48828125 0.7239583333333334 0.4986979166666667 0.7239583333333334 0.5052083333333334 0.7278645833333334 0.5052083333333334 0.73046875 0.4934895833333333 0.7317708333333334 0.48828125 0.7291666666666666 0.48828125 0.7252604166666666
3 0.4921875 0.72265625 0.5 0.7239583333333334 0.5065104166666666 0.7291666666666666 0.5 0.7317708333333334 0.4895833333333333 0.7317708333333334 0.4869791666666667 0.734375 0.4869791666666667 0.7408854166666666 0.4739583333333333 0.7421875 0.4674479166666667 0.73828125 0.46875 0.734375 0.4856770833333333 0.7330729166666666 0.4869791666666667 0.7252604166666666 0.4908854166666667 0.7239583333333334
3 0.4140625 0.7486979166666666 0.4192708333333333 0.7526041666666666 0.4192708333333333 0.7552083333333334 0.4166666666666667 0.7565104166666666 0.40625 0.7565104166666666 0.3984375 0.7526041666666666 0.3984375 0.75 0.4010416666666667 0.7486979166666666 0.4127604166666667 0.7486979166666666
3 0.146484375 0.7903645833333334 0.018880208333333332 0.008463541666666666
3 0.4505208333333333 0.7421875 0.453125 0.7447916666666666 0.4518229166666667 0.7473958333333334 0.4466145833333333 0.7486979166666666 0.4361979166666667 0.7473958333333334 0.4322916666666667 0.7447916666666666 0.4309895833333333 0.7408854166666666 0.4466145833333333 0.7395833333333334 0.44921875 0.7421875
3 0.5325520833333334 0.68359375 0.5416666666666666 0.68359375 0.546875 0.6875 0.546875 0.6901041666666666 0.5390625 0.69140625 0.5325520833333334 0.6848958333333334
3 0.53125 0.6966145833333334 0.5325520833333334 0.6927083333333334 0.5390625 0.6888020833333334 0.5481770833333334 0.6888020833333334 0.5494791666666666 0.6927083333333334 0.5455729166666666 0.6966145833333334 0.5403645833333334 0.6966145833333334 0.5377604166666666 0.7005208333333334 0.5325520833333334 0.7005208333333334 0.5325520833333334 0.6979166666666666
3 0.5390625 0.6731770833333334 0.5390625 0.6653645833333334 0.55078125 0.6653645833333334 0.546875 0.671875 0.5403645833333334 0.6731770833333334
4 0.54296875 0.6002604166666666 0.546875 0.60546875 0.546875 0.609375 0.5546875 0.6184895833333334 0.55859375 0.6354166666666666 0.5533854166666666 0.6302083333333334 0.55078125 0.6328125 0.546875 0.64453125 0.5481770833333334 0.6549479166666666 0.5403645833333334 0.66015625 0.5403645833333334 0.6640625 0.5364583333333334 0.6640625 0.53515625 0.6419270833333334 0.5299479166666666 0.6171875 0.53125 0.61328125 0.5377604166666666 0.6080729166666666 0.5390625 0.6015625 0.5416666666666666 0.6015625