3 0.87109375 0.5703125 0.8776041666666666 0.5729166666666666 0.8776041666666666 0.5768229166666666 0.8658854166666666 0.58203125 0.8541666666666666 0.5794270833333334 0.8489583333333334 0.5768229166666666 0.8489583333333334 0.57421875 0.8697916666666666 0.5703125
3 0.7252604166666666 0.7591145833333334 0.73828125 0.7630208333333334 0.7395833333333334 0.765625 0.7317708333333334 0.76953125 0.72265625 0.76953125 0.7096354166666666 0.7643229166666666 0.7096354166666666 0.7604166666666666 0.7239583333333334 0.7591145833333334
3 0.6770833333333334 0.9479166666666666 0.6979166666666666 0.953125 0.7005208333333334 0.9557291666666666 0.6901041666666666 0.9609375 0.6783854166666666 0.9622395833333334 0.6549479166666666 0.95703125 0.6510416666666666 0.9518229166666666 0.6510416666666666 0.94921875 0.67578125 0.9479166666666666
3 0.4921875 0.7864583333333334 0.5 0.7825520833333334 0.51953125 0.7825520833333334 0.5325520833333334 0.78515625 0.5338541666666666 0.7877604166666666 0.5260416666666666 0.7903645833333334 0.5052083333333334 0.7903645833333334 0.4934895833333333 0.7864583333333334
3 0.3489583333333333 0.8216145833333334 0.3645833333333333 0.8177083333333334 0.3919270833333333 0.8177083333333334 0.3958333333333333 0.8216145833333334 0.3802083333333333 0.82421875 0.3502604166666667 0.8229166666666666
3 0.5026041666666666 0.81640625 0.5130208333333334 0.8177083333333334 0.5208333333333334 0.8216145833333334 0.5 0.8216145833333334 0.4934895833333333 0.82421875 0.45703125 0.82421875 0.46875 0.8177083333333334 0.5013020833333334 0.81640625
3 0.7057291666666666 0.7682291666666666 0.7291666666666666 0.7708333333333334 0.7291666666666666 0.7747395833333334 0.6953125 0.7734375 0.6953125 0.76953125 0.7044270833333334 0.7682291666666666
3 0.8268229166666666 0.8268229166666666 0.8372395833333334 0.828125 0.8450520833333334 0.8346354166666666 0.8255208333333334 0.8424479166666666 0.8046875 0.8424479166666666 0.7760416666666666 0.8307291666666666 0.7760416666666666 0.828125 0.7890625 0.8255208333333334 0.8255208333333334 0.8268229166666666
3 0.8802083333333334 0.70703125 0.8841145833333334 0.7096354166666666 0.8763020833333334 0.7135416666666666 0.859375 0.7135416666666666 0.8567708333333334 0.7122395833333334 0.8567708333333334 0.7083333333333334 0.86328125 0.7057291666666666 0.87890625 0.70703125
3 0.8177083333333334 0.7591145833333334 0.82421875 0.76171875 0.8138020833333334 0.7669270833333334 0.7890625 0.7669270833333334 0.7786458333333334 0.7643229166666666 0.7760416666666666 0.7630208333333334 0.7760416666666666 0.7604166666666666 0.81640625 0.7591145833333334
3 0.8430989583333334 0.7688802083333334 0.035807291666666664 0.008463541666666666
3 0.91796875 0.7434895833333334 0.92578125 0.7447916666666666 0.9283854166666666 0.7486979166666666 0.9192708333333334 0.7513020833333334 0.890625 0.7513020833333334 0.8802083333333334 0.7486979166666666 0.8815104166666666 0.7447916666666666 0.88671875 0.7421875 0.9166666666666666 0.7434895833333334
3 0.5130208333333334 0.8776041666666666 0.5182291666666666 0.8802083333333334 0.5130208333333334 0.8841145833333334 0.5026041666666666 0.8893229166666666 0.4908854166666667 0.8919270833333334 0.4661458333333333 0.8880208333333334 0.4348958333333333 0.8893229166666666 0.4270833333333333 0.88671875 0.4479166666666667 0.8854166666666666 0.453125 0.8815104166666666 0.46875 0.8776041666666666 0.51171875 0.8776041666666666
3 0.7239583333333334 0.8541666666666666 0.7356770833333334 0.859375 0.7369791666666666 0.86328125 0.7213541666666666 0.8684895833333334 0.7018229166666666 0.8684895833333334 0.6822916666666666 0.86328125 0.6692708333333334 0.86328125 0.6640625 0.859375 0.6822916666666666 0.8541666666666666 0.72265625 0.8541666666666666
3 0.2955729166666667 0.8528645833333334 0.3072916666666667 0.8541666666666666 0.3072916666666667 0.8580729166666666 0.296875 0.859375 0.2903645833333333 0.86328125 0.2734375 0.8645833333333334 0.23828125 0.875 0.21614583333333334 0.8736979166666666 0.20572916666666666 0.8684895833333334 0.20703125 0.8645833333333334 0.21614583333333334 0.8606770833333334 0.24739583333333334 0.859375 0.26953125 0.8541666666666666 0.2942708333333333 0.8528645833333334
3 0.6822916666666666 0.7552083333333334 0.7096354166666666 0.75390625 0.7161458333333334 0.7565104166666666 0.7161458333333334 0.7591145833333334 0.7096354166666666 0.7604166666666666 0.68359375 0.7591145833333334 0.6822916666666666 0.7565104166666666
3 0.5963541666666666 0.7760416666666666 0.609375 0.7721354166666666 0.65234375 0.7721354166666666 0.65234375 0.7747395833333334 0.6419270833333334 0.7799479166666666 0.6354166666666666 0.7799479166666666 0.6263020833333334 0.7838541666666666 0.6067708333333334 0.7838541666666666 0.59765625 0.7799479166666666 0.5963541666666666 0.77734375
3 0.87109375 0.7486979166666666 0.8736979166666666 0.75 0.8736979166666666 0.7526041666666666 0.8645833333333334 0.7552083333333334 0.8359375 0.75390625 0.8333333333333334 0.7513020833333334 0.8463541666666666 0.75 0.8515625 0.7473958333333334 0.8697916666666666 0.7486979166666666
3 0.7552083333333334 0.7317708333333334 0.76953125 0.734375 0.7669270833333334 0.7369791666666666 0.7486979166666666 0.73828125 0.74609375 0.734375 0.75390625 0.7330729166666666
3 0.86328125 0.6119791666666666 0.87109375 0.6145833333333334 0.87109375 0.6171875 0.8619791666666666 0.6223958333333334 0.8489583333333334 0.6223958333333334 0.8424479166666666 0.6197916666666666 0.84375 0.6158854166666666 0.8619791666666666 0.6119791666666666
3 0.58203125 0.7721354166666666 0.58203125 0.7760416666666666 0.5729166666666666 0.7786458333333334 0.55859375 0.7786458333333334 0.5546875 0.77734375 0.5546875 0.7747395833333334 0.5611979166666666 0.7721354166666666 0.5807291666666666 0.7721354166666666
3 0.6197916666666666 0.7604166666666666 0.6263020833333334 0.7630208333333334 0.61328125 0.765625 0.6002604166666666 0.765625 0.59765625 0.7643229166666666 0.59765625 0.76171875 0.6184895833333334 0.7604166666666666
3 0.95703125 0.6953125 0.9635416666666666 0.6979166666666666 0.9635416666666666 0.703125 0.9505208333333334 0.70703125 0.94140625 0.70703125 0.9296875 0.69921875 0.9440104166666666 0.6953125 0.9557291666666666 0.6953125
3 0.9309895833333334 0.71875 0.9309895833333334 0.72265625 0.9244791666666666 0.7239583333333334 0.9088541666666666 0.7239583333333334 0.9036458333333334 0.72265625 0.90234375 0.7200520833333334 0.9088541666666666 0.7174479166666666 0.9296875 0.71875
3 0.7473958333333334 0.7890625 0.7669270833333334 0.7916666666666666 0.7721354166666666 0.7942708333333334 0.7721354166666666 0.7981770833333334 0.7682291666666666 0.80078125 0.75390625 0.8033854166666666 0.7291666666666666 0.8033854166666666 0.7174479166666666 0.80078125 0.7083333333333334 0.7942708333333334 0.7096354166666666 0.7916666666666666 0.7239583333333334 0.7890625 0.74609375 0.7890625
3 0.81640625 0.7916666666666666 0.82421875 0.79296875 0.8294270833333334 0.796875 0.8190104166666666 0.7994791666666666 0.7916666666666666 0.7942708333333334 0.79296875 0.7916666666666666 0.8151041666666666 0.7916666666666666
3 0.7447916666666666 0.8307291666666666 0.76171875 0.8333333333333334 0.7708333333333334 0.8385416666666666 0.7747395833333334 0.8385416666666666 0.7760416666666666 0.8424479166666666 0.74609375 0.8424479166666666 0.7317708333333334 0.8359375 0.7330729166666666 0.83203125 0.7434895833333334 0.83203125
3 0.71875 0.9283854166666666 0.7565104166666666 0.9270833333333334 0.7708333333333334 0.9309895833333334 0.79296875 0.9322916666666666 0.7994791666666666 0.9361979166666666 0.78515625 0.9466145833333334 0.74609375 0.9466145833333334 0.72265625 0.9401041666666666 0.71875 0.9361979166666666 0.71875 0.9296875
3 0.8033854166666666 0.7734375 0.8138020833333334 0.7760416666666666 0.8151041666666666 0.7799479166666666 0.80078125 0.7825520833333334 0.7721354166666666 0.7799479166666666 0.7643229166666666 0.7760416666666666 0.7864583333333334 0.7721354166666666 0.8020833333333334 0.7734375
3 0.7213541666666666 0.7408854166666666 0.7369791666666666 0.7434895833333334 0.73828125 0.7486979166666666 0.7317708333333334 0.75 0.7161458333333334 0.75 0.703125 0.7447916666666666 0.703125 0.7421875 0.7057291666666666 0.7408854166666666 0.7200520833333334 0.7408854166666666
3 0.3255208333333333 0.9361979166666666 0.3255208333333333 0.9401041666666666 0.30078125 0.94140625 0.2864583333333333 0.9466145833333334 0.2760416666666667 0.9466145833333334 0.26953125 0.94921875 0.265625 0.9479166666666666 0.2552083333333333 0.9518229166666666 0.24739583333333334 0.9518229166666666 0.24479166666666666 0.9544270833333334 0.22265625 0.9544270833333334 0.21744791666666666 0.953125 0.21744791666666666 0.94921875 0.23307291666666666 0.9427083333333334 0.25 0.9388020833333334 0.2877604166666667 0.9375 0.2955729166666667 0.9348958333333334 0.32421875 0.9361979166666666
3 0.79296875 0.7083333333333334 0.81640625 0.7096354166666666 0.8111979166666666 0.7135416666666666 0.7994791666666666 0.7135416666666666 0.7942708333333334 0.7122395833333334 0.79296875 0.7096354166666666
3 0.8893229166666666 0.6393229166666666 0.8971354166666666 0.640625 0.8997395833333334 0.6432291666666666 0.8997395833333334 0.6471354166666666 0.8971354166666666 0.6497395833333334 0.8828125 0.6497395833333334 0.875 0.6471354166666666 0.875 0.640625 0.8880208333333334 0.640625
3 0.4635416666666667 0.796875 0.4661458333333333 0.80078125 0.4622395833333333 0.8033854166666666 0.44140625 0.8098958333333334 0.421875 0.8098958333333334 0.4166666666666667 0.8072916666666666 0.4557291666666667 0.796875 0.4622395833333333 0.796875
3 0.4752604166666667 0.9557291666666666 0.5169270833333334 0.96484375 0.5221354166666666 0.9674479166666666 0.51953125 0.9700520833333334 0.43359375 0.98046875 0.40234375 0.9778645833333334 0.3815104166666667 0.9596354166666666 0.4088541666666667 0.9544270833333334 0.4739583333333333 0.9557291666666666
3 0.9296875 0.73828125 0.9361979166666666 0.7356770833333334 0.9557291666666666 0.7356770833333334 0.98828125 0.7395833333333334 0.98828125 0.7434895833333334 0.98046875 0.74609375 0.9479166666666666 0.7434895833333334 0.9309895833333334 0.73828125
3 0.8463541666666666 0.7395833333333334 0.87109375 0.73828125 0.8802083333333334 0.7408854166666666 0.8802083333333334 0.7447916666666666 0.8763020833333334 0.7473958333333334 0.85546875 0.74609375 0.84765625 0.7434895833333334 0.8463541666666666 0.7408854166666666
4 0.8424479166666666 0.4453125 0.8541666666666666 0.4466145833333333 0.8567708333333334 0.44921875 0.8580729166666666 0.4583333333333333 0.8684895833333334 0.4661458333333333 0.87109375 0.4739583333333333 0.87109375 0.4856770833333333 0.8658854166666666 0.4908854166666667 0.8645833333333334 0.5026041666666666 0.8606770833333334 0.51171875 0.8606770833333334 0.5364583333333334 0.8502604166666666 0.5364583333333334 0.84765625 0.5091145833333334 0.8450520833333334 0.5065104166666666 0.83984375 0.51171875 0.8385416666666666 0.5208333333333334 0.8463541666666666 0.5364583333333334 0.8359375 0.53515625 0.83203125 0.5260416666666666 0.8255208333333334 0.51953125 0.8268229166666666 0.50390625 0.83203125 0.4934895833333333 0.83203125 0.4791666666666667 0.8307291666666666 0.4752604166666667 0.8268229166666666 0.47265625 0.8255208333333334 0.4661458333333333 0.83984375 0.45703125 0.8385416666666666 0.44921875 0.8424479166666666 0.4466145833333333