3 0.6901041666666666 0.32421875 0.6940104166666666 0.3268229166666667 0.6927083333333334 0.33203125 0.68359375 0.33203125 0.6783854166666666 0.328125 0.6783854166666666 0.3229166666666667 0.6888020833333334 0.32421875
3 0.66796875 0.3294270833333333 0.6822916666666666 0.3333333333333333 0.6848958333333334 0.3372395833333333 0.6888020833333334 0.3385416666666667 0.68359375 0.3424479166666667 0.6653645833333334 0.3424479166666667 0.6549479166666666 0.3359375 0.6549479166666666 0.3294270833333333 0.6666666666666666 0.3294270833333333
3 0.6302083333333334 0.37890625 0.640625 0.3815104166666667 0.6432291666666666 0.38671875 0.625 0.39453125 0.609375 0.3919270833333333 0.59765625 0.3854166666666667 0.5963541666666666 0.3815104166666667 0.6015625 0.3776041666666667 0.609375 0.3763020833333333 0.62890625 0.37890625
3 0.6497395833333334 0.33984375 0.65234375 0.3450520833333333 0.640625 0.3541666666666667 0.6276041666666666 0.3528645833333333 0.6263020833333334 0.3502604166666667 0.62890625 0.3424479166666667 0.6354166666666666 0.3385416666666667 0.6484375 0.33984375
3 0.6588541666666666 0.4622395833333333 0.6770833333333334 0.4700520833333333 0.6822916666666666 0.4739583333333333 0.68359375 0.4778645833333333 0.67578125 0.4817708333333333 0.6640625 0.4817708333333333 0.6510416666666666 0.4869791666666667 0.63671875 0.4869791666666667 0.609375 0.48046875 0.6028645833333334 0.4700520833333333 0.6067708333333334 0.46484375 0.6171875 0.4609375 0.6575520833333334 0.4622395833333333
3 0.98828125 0.8776041666666666 0.9986979166666666 0.87890625 0.9986979166666666 0.9127604166666666 0.99609375 0.9166666666666666 0.9986979166666666 0.9270833333333334 0.9986979166666666 0.9739583333333334 0.99609375 0.9752604166666666 0.99609375 0.9830729166666666 0.9934895833333334 0.9869791666666666 0.9986979166666666 0.9934895833333334 0.9947916666666666 0.99609375 0.9596354166666666 0.9947916666666666 0.9518229166666666 0.9817708333333334 0.9375 0.96875 0.9283854166666666 0.9557291666666666 0.9166666666666666 0.9309895833333334 0.9244791666666666 0.91796875 0.9296875 0.8958333333333334 0.9375 0.8854166666666666 0.9440104166666666 0.8815104166666666 0.9869791666666666 0.8776041666666666
3 0.7317708333333334 0.5924479166666666 0.7591145833333334 0.59765625 0.7747395833333334 0.6080729166666666 0.7825520833333334 0.609375 0.7864583333333334 0.61328125 0.8033854166666666 0.6197916666666666 0.8046875 0.6236979166666666 0.79296875 0.6315104166666666 0.7760416666666666 0.6315104166666666 0.7682291666666666 0.62890625 0.7565104166666666 0.62109375 0.75390625 0.6158854166666666 0.7434895833333334 0.6067708333333334 0.7278645833333334 0.60546875 0.7252604166666666 0.5989583333333334 0.73046875 0.59375
3 0.6341145833333334 0.4986979166666667 0.6354166666666666 0.5065104166666666 0.6328125 0.5078125 0.625 0.5078125 0.62109375 0.5026041666666666 0.62890625 0.49609375 0.6328125 0.4986979166666667
3 0.6236979166666666 0.4283854166666667 0.6276041666666666 0.4309895833333333 0.6471354166666666 0.4348958333333333 0.6614583333333334 0.4440104166666667 0.6627604166666666 0.4505208333333333 0.6497395833333334 0.45703125 0.625 0.453125 0.6067708333333334 0.4453125 0.60546875 0.4427083333333333 0.5989583333333334 0.4427083333333333 0.5911458333333334 0.4388020833333333 0.58984375 0.43359375 0.5950520833333334 0.4296875 0.6223958333333334 0.4283854166666667
3 0.86328125 0.64453125 0.8958333333333334 0.65625 0.921875 0.66015625 0.9322916666666666 0.6666666666666666 0.9466145833333334 0.6809895833333334 0.95703125 0.6966145833333334 0.9583333333333334 0.7044270833333334 0.9479166666666666 0.7109375 0.9283854166666666 0.7135416666666666 0.9075520833333334 0.7109375 0.8828125 0.7135416666666666 0.8541666666666666 0.7096354166666666 0.8424479166666666 0.7057291666666666 0.83203125 0.7109375 0.8216145833333334 0.7096354166666666 0.8125 0.7057291666666666 0.78515625 0.6822916666666666 0.77734375 0.6731770833333334 0.77734375 0.6653645833333334 0.7838541666666666 0.6588541666666666 0.7955729166666666 0.65234375 0.8111979166666666 0.6497395833333334 0.8177083333333334 0.64453125 0.8268229166666666 0.6419270833333334 0.8619791666666666 0.64453125
3 0.6145833333333334 0.39453125 0.6223958333333334 0.3984375 0.63671875 0.3971354166666667 0.6510416666666666 0.4036458333333333 0.6549479166666666 0.40625 0.6549479166666666 0.4088541666666667 0.6484375 0.4114583333333333 0.6341145833333334 0.4114583333333333 0.625 0.4088541666666667 0.6158854166666666 0.3997395833333333 0.6080729166666666 0.3984375 0.609375 0.39453125 0.61328125 0.39453125
3 0.6393229166666666 0.3333333333333333 0.64453125 0.3333333333333333 0.64453125 0.3359375 0.65234375 0.3424479166666667 0.6510416666666666 0.3463541666666667 0.6302083333333334 0.3450520833333333 0.62890625 0.3411458333333333 0.6393229166666666 0.3346354166666667
3 0.6796875 0.30859375 0.6875 0.3098958333333333 0.6901041666666666 0.3125 0.6901041666666666 0.3190104166666667 0.68359375 0.3190104166666667 0.6796875 0.3151041666666667 0.6796875 0.3098958333333333
3 0.73828125 0.5950520833333334 0.7434895833333334 0.5989583333333334 0.7421875 0.60546875 0.73828125 0.6080729166666666 0.7291666666666666 0.6067708333333334 0.7252604166666666 0.6015625 0.7291666666666666 0.5963541666666666 0.7369791666666666 0.5950520833333334
3 0.5065104166666666 0.22005208333333334 0.515625 0.23177083333333334 0.5130208333333334 0.234375 0.5026041666666666 0.23697916666666666 0.4947916666666667 0.23697916666666666 0.4830729166666667 0.23177083333333334 0.4791666666666667 0.22916666666666666 0.4791666666666667 0.22395833333333334 0.48046875 0.22135416666666666 0.4869791666666667 0.21875 0.5052083333333334 0.22005208333333334
3 0.5963541666666666 0.34765625 0.61328125 0.3528645833333333 0.5989583333333334 0.359375 0.5859375 0.3580729166666667 0.5794270833333334 0.3502604166666667 0.58203125 0.3463541666666667 0.5950520833333334 0.34765625
3 0.87890625 0.7447916666666666 0.9036458333333334 0.7447916666666666 0.90625 0.7473958333333334 0.9166666666666666 0.75 0.9348958333333334 0.76171875 0.94921875 0.7669270833333334 0.9635416666666666 0.7799479166666666 0.9752604166666666 0.7864583333333334 0.9791666666666666 0.7942708333333334 0.98046875 0.8046875 0.9765625 0.80859375 0.96875 0.8111979166666666 0.9739583333333334 0.8424479166666666 0.9635416666666666 0.8385416666666666 0.9583333333333334 0.8294270833333334 0.9348958333333334 0.8125 0.9166666666666666 0.8125 0.9114583333333334 0.8072916666666666 0.9075520833333334 0.8072916666666666 0.9049479166666666 0.8033854166666666 0.8984375 0.8020833333333334 0.8919270833333334 0.796875 0.8763020833333334 0.80078125 0.87109375 0.8046875 0.8671875 0.8098958333333334 0.8671875 0.8203125 0.8606770833333334 0.8177083333333334 0.8463541666666666 0.8046875 0.8424479166666666 0.7981770833333334 0.8424479166666666 0.7864583333333334 0.8450520833333334 0.77734375 0.8515625 0.7669270833333334 0.8515625 0.7552083333333334 0.8541666666666666 0.7486979166666666 0.86328125 0.7447916666666666 0.8776041666666666 0.7447916666666666
3 0.640625 0.3229166666666667 0.6510416666666666 0.3229166666666667 0.6549479166666666 0.3268229166666667 0.6497395833333334 0.3307291666666667 0.6458333333333334 0.3307291666666667 0.640625 0.3268229166666667 0.640625 0.32421875
3 0.77734375 0.6666666666666666 0.7890625 0.6575520833333334 0.7955729166666666 0.6575520833333334 0.796875 0.66796875 0.8020833333333334 0.67578125 0.8346354166666666 0.69921875 0.8372395833333334 0.703125 0.8346354166666666 0.7096354166666666 0.8359375 0.7122395833333334 0.8489583333333334 0.7200520833333334 0.84765625 0.7239583333333334 0.8385416666666666 0.7239583333333334 0.828125 0.7122395833333334 0.8111979166666666 0.70703125 0.8046875 0.69921875 0.7838541666666666 0.6822916666666666 0.77734375 0.6731770833333334 0.77734375 0.66796875
3 0.9036458333333334 0.7447916666666666 0.953125 0.7708333333333334 0.9635416666666666 0.78125 0.9739583333333334 0.7864583333333334 0.98046875 0.8020833333333334 0.98046875 0.8098958333333334 0.9752604166666666 0.8125 0.97265625 0.8177083333333334 0.9739583333333334 0.8216145833333334 0.9713541666666666 0.8190104166666666 0.9700520833333334 0.8216145833333334 0.9752604166666666 0.828125 0.9752604166666666 0.8359375 0.9830729166666666 0.8528645833333334 0.9817708333333334 0.8567708333333334 0.984375 0.859375 0.9778645833333334 0.8671875 0.9700520833333334 0.8671875 0.96875 0.8697916666666666 0.9583333333333334 0.87109375 0.9544270833333334 0.8763020833333334 0.9856770833333334 0.8776041666666666 0.9908854166666666 0.8736979166666666 0.9908854166666666 0.8776041666666666 0.9986979166666666 0.8802083333333334 0.9986979166666666 0.9114583333333334 0.99609375 0.9140625 0.99609375 0.9244791666666666 0.9986979166666666 0.9283854166666666 0.9986979166666666 0.9713541666666666 0.99609375 0.97265625 0.9947916666666666 0.9856770833333334 0.99609375 0.9921875 0.9986979166666666 0.9934895833333334 0.9947916666666666 0.99609375 0.984375 0.9973958333333334 0.9739583333333334 0.99609375 0.9713541666666666 0.9986979166666666 0.9583333333333334 0.9947916666666666 0.9544270833333334 0.98828125 0.94140625 0.9765625 0.93359375 0.9622395833333334 0.9270833333333334 0.9557291666666666 0.9205729166666666 0.94140625 0.8971354166666666 0.9166666666666666 0.88671875 0.9140625 0.87890625 0.9036458333333334 0.87109375 0.90234375 0.8697916666666666 0.9049479166666666 0.8763020833333334 0.9114583333333334 0.8763020833333334 0.9166666666666666 0.88671875 0.9283854166666666 0.8828125 0.93359375 0.8802083333333334 0.93359375 0.8697916666666666 0.9270833333333334 0.8697916666666666 0.9231770833333334 0.875 0.9205729166666666 0.8736979166666666 0.9166666666666666 0.8697916666666666 0.9205729166666666 0.85546875 0.9127604166666666 0.8580729166666666 0.88671875 0.8528645833333334 0.8763020833333334 0.8515625 0.8502604166666666 0.8528645833333334 0.8463541666666666 0.87109375 0.8372395833333334 0.8723958333333334 0.8333333333333334 0.8763020833333334 0.8307291666666666 0.8489583333333334 0.8072916666666666 0.8424479166666666 0.796875 0.8424479166666666 0.7890625 0.8515625 0.7669270833333334 0.8528645833333334 0.7526041666666666 0.8567708333333334 0.7473958333333334 0.8658854166666666 0.7447916666666666 0.90234375 0.7447916666666666
3 0.69140625 0.5520833333333334 0.7096354166666666 0.5729166666666666 0.7109375 0.578125 0.7005208333333334 0.578125 0.6901041666666666 0.5833333333333334 0.6809895833333334 0.5833333333333334 0.6653645833333334 0.578125 0.6510416666666666 0.5690104166666666 0.6510416666666666 0.5611979166666666 0.66015625 0.5494791666666666 0.6783854166666666 0.5481770833333334 0.6901041666666666 0.5520833333333334
3 0.5807291666666666 0.3489583333333333 0.5872395833333334 0.3463541666666667 0.6119791666666666 0.3489583333333333 0.6184895833333334 0.3528645833333333 0.62109375 0.359375 0.6184895833333334 0.3619791666666667 0.5885416666666666 0.359375 0.5807291666666666 0.3528645833333333 0.5807291666666666 0.3502604166666667
3 0.6393229166666666 0.3463541666666667 0.6484375 0.3489583333333333 0.6510416666666666 0.3528645833333333 0.640625 0.3567708333333333 0.6354166666666666 0.3567708333333333 0.6276041666666666 0.3528645833333333 0.6276041666666666 0.34765625 0.6302083333333334 0.3450520833333333 0.6380208333333334 0.3463541666666667
3 0.67578125 0.2942708333333333 0.6796875 0.296875 0.6770833333333334 0.30078125 0.6666666666666666 0.30078125 0.6627604166666666 0.296875 0.6653645833333334 0.2942708333333333 0.6744791666666666 0.2942708333333333
3 0.6158854166666666 0.2526041666666667 0.6380208333333334 0.2604166666666667 0.65625 0.2708333333333333 0.66796875 0.2747395833333333 0.6731770833333334 0.2838541666666667 0.6588541666666666 0.2890625 0.6484375 0.2890625 0.640625 0.2825520833333333 0.63671875 0.28515625 0.6354166666666666 0.2838541666666667 0.6393229166666666 0.2799479166666667 0.6328125 0.2708333333333333 0.609375 0.2630208333333333 0.6015625 0.2552083333333333 0.6041666666666666 0.2513020833333333 0.6145833333333334 0.2526041666666667
3 0.6966145833333334 0.5052083333333334 0.70703125 0.5091145833333334 0.7135416666666666 0.515625 0.7135416666666666 0.5234375 0.7083333333333334 0.52734375 0.6927083333333334 0.5286458333333334 0.6770833333333334 0.5286458333333334 0.65625 0.5247395833333334 0.64453125 0.5169270833333334 0.6419270833333334 0.5091145833333334 0.65234375 0.5026041666666666 0.6822916666666666 0.5026041666666666 0.6953125 0.5052083333333334
3 0.62109375 0.3763020833333333 0.6354166666666666 0.37890625 0.6432291666666666 0.3828125 0.6419270833333334 0.3893229166666667 0.63671875 0.39453125 0.6419270833333334 0.3997395833333333 0.6549479166666666 0.4049479166666667 0.65625 0.4088541666666667 0.6510416666666666 0.4114583333333333 0.62890625 0.41015625 0.6158854166666666 0.4010416666666667 0.60546875 0.3984375 0.60546875 0.390625 0.5989583333333334 0.38671875 0.5963541666666666 0.3815104166666667 0.6015625 0.3776041666666667 0.6197916666666666 0.3763020833333333
3 0.6393229166666666 0.296875 0.6484375 0.2955729166666667 0.6549479166666666 0.2981770833333333 0.65625 0.30078125 0.6471354166666666 0.3033854166666667 0.640625 0.3020833333333333 0.6393229166666666 0.2981770833333333
3 0.6145833333333334 0.3502604166666667 0.6341145833333334 0.3697916666666667 0.6236979166666666 0.375 0.609375 0.3723958333333333 0.5950520833333334 0.3606770833333333 0.5833333333333334 0.3567708333333333 0.5807291666666666 0.3528645833333333 0.5807291666666666 0.3489583333333333 0.5846354166666666 0.3463541666666667 0.61328125 0.3502604166666667
3 0.6158854166666666 0.359375 0.6341145833333334 0.3658854166666667 0.6380208333333334 0.3697916666666667 0.63671875 0.3723958333333333 0.6302083333333334 0.3723958333333333 0.6263020833333334 0.375 0.61328125 0.3736979166666667 0.5989583333333334 0.3645833333333333 0.5989583333333334 0.3619791666666667 0.6028645833333334 0.359375 0.6145833333333334 0.359375
3 0.6692708333333334 0.3059895833333333 0.6731770833333334 0.3072916666666667 0.6731770833333334 0.3111979166666667 0.6783854166666666 0.3190104166666667 0.6770833333333334 0.3229166666666667 0.6705729166666666 0.3229166666666667 0.66015625 0.3177083333333333 0.6614583333333334 0.3138020833333333 0.6666666666666666 0.3111979166666667 0.6653645833333334 0.3072916666666667 0.66796875 0.3059895833333333
3 0.6302083333333334 0.3723958333333333 0.6315104166666666 0.3763020833333333 0.640625 0.3815104166666667 0.6432291666666666 0.3854166666666667 0.6419270833333334 0.3893229166666667 0.6380208333333334 0.390625 0.6354166666666666 0.39453125 0.6549479166666666 0.4075520833333333 0.6497395833333334 0.4127604166666667 0.65625 0.41796875 0.671875 0.4205729166666667 0.6796875 0.4244791666666667 0.6796875 0.4283854166666667 0.6640625 0.4296875 0.66015625 0.4322916666666667 0.6536458333333334 0.4322916666666667 0.6510416666666666 0.4348958333333333 0.6614583333333334 0.4466145833333333 0.6588541666666666 0.453125 0.6510416666666666 0.4596354166666667 0.6705729166666666 0.4661458333333333 0.6822916666666666 0.4739583333333333 0.6822916666666666 0.4778645833333333 0.67578125 0.4817708333333333 0.6666666666666666 0.4817708333333333 0.640625 0.48828125 0.6171875 0.4830729166666667 0.609375 0.48046875 0.60546875 0.4765625 0.6028645833333334 0.4674479166666667 0.6080729166666666 0.4635416666666667 0.6171875 0.4609375 0.6315104166666666 0.4609375 0.63671875 0.45703125 0.609375 0.4466145833333333 0.60546875 0.4427083333333333 0.59375 0.4401041666666667 0.5911458333333334 0.4375 0.5911458333333334 0.4322916666666667 0.6002604166666666 0.4283854166666667 0.6184895833333334 0.4283854166666667 0.6197916666666666 0.4192708333333333 0.6315104166666666 0.4114583333333333 0.62109375 0.40625 0.6171875 0.4010416666666667 0.6067708333333334 0.3971354166666667 0.6067708333333334 0.3919270833333333 0.5963541666666666 0.3841145833333333 0.5963541666666666 0.3815104166666667 0.6015625 0.3763020833333333 0.6067708333333334 0.375 0.60546875 0.3684895833333333 0.5963541666666666 0.3606770833333333 0.5872395833333334 0.3567708333333333 0.5833333333333334 0.3515625 0.5859375 0.3489583333333333 0.59765625 0.3489583333333333 0.6197916666666666 0.35546875 0.625 0.3645833333333333 0.625 0.3671875 0.62109375 0.3697916666666667 0.62890625 0.3736979166666667
3 0.65625 0.4166666666666667 0.67578125 0.4205729166666667 0.6809895833333334 0.42578125 0.6809895833333334 0.4283854166666667 0.6783854166666666 0.4296875 0.6627604166666666 0.4322916666666667 0.640625 0.4322916666666667 0.62890625 0.4296875 0.62109375 0.4244791666666667 0.6197916666666666 0.4205729166666667 0.6236979166666666 0.4166666666666667 0.62890625 0.4153645833333333 0.6549479166666666 0.4166666666666667
3 0.8997395833333334 0.7421875 0.9192708333333334 0.7513020833333334 0.9270833333333334 0.7578125 0.953125 0.76953125 0.9622395833333334 0.7799479166666666 0.9739583333333334 0.78515625 0.98046875 0.7994791666666666 0.9830729166666666 0.8111979166666666 0.9765625 0.8138020833333334 0.9765625 0.82421875 0.98046875 0.8268229166666666 0.9765625 0.8359375 0.984375 0.859375 0.9752604166666666 0.8697916666666666 0.9583333333333334 0.87109375 0.9505208333333334 0.8763020833333334 0.95703125 0.87890625 0.9986979166666666 0.87890625 0.9986979166666666 0.97265625 0.99609375 0.9765625 0.99609375 0.98828125 0.9986979166666666 0.9908854166666666 0.9986979166666666 0.99609375 0.9752604166666666 0.99609375 0.9713541666666666 0.9986979166666666 0.9557291666666666 0.9934895833333334 0.9544270833333334 0.98828125 0.94140625 0.9765625 0.93359375 0.9622395833333334 0.9270833333333334 0.9557291666666666 0.9166666666666666 0.9361979166666666 0.8971354166666666 0.9166666666666666 0.8841145833333334 0.9127604166666666 0.8802083333333334 0.9049479166666666 0.875 0.9036458333333334 0.8723958333333334 0.90625 0.8763020833333334 0.9114583333333334 0.8736979166666666 0.9153645833333334 0.8802083333333334 0.91796875 0.8815104166666666 0.921875 0.8854166666666666 0.9244791666666666 0.8828125 0.9283854166666666 0.8841145833333334 0.9322916666666666 0.8802083333333334 0.9322916666666666 0.87109375 0.9270833333333334 0.8723958333333334 0.921875 0.8697916666666666 0.9192708333333334 0.8567708333333334 0.9166666666666666 0.8528645833333334 0.9114583333333334 0.8528645833333334 0.9049479166666666 0.8580729166666666 0.8971354166666666 0.8580729166666666 0.88671875 0.8528645833333334 0.875 0.8528645833333334 0.85546875 0.85546875 0.8463541666666666 0.8723958333333334 0.8359375 0.8736979166666666 0.828125 0.84765625 0.8072916666666666 0.8411458333333334 0.7955729166666666 0.8411458333333334 0.7890625 0.8450520833333334 0.7760416666666666 0.8515625 0.7643229166666666 0.8528645833333334 0.75 0.8567708333333334 0.74609375 0.8984375 0.7421875
3 0.8893229166666666 0.7903645833333334 0.8893229166666666 0.7981770833333334 0.875 0.8020833333333334 0.8671875 0.8098958333333334 0.8697916666666666 0.82421875 0.84765625 0.8072916666666666 0.8424479166666666 0.7994791666666666 0.8411458333333334 0.79296875 0.8450520833333334 0.77734375 0.8515625 0.7669270833333334 0.8528645833333334 0.7513020833333334 0.85546875 0.7473958333333334 0.859375 0.74609375 0.8763020833333334 0.74609375 0.8815104166666666 0.7486979166666666 0.8815104166666666 0.7760416666666666 0.8880208333333334 0.7903645833333334
3 0.5338541666666666 0.2109375 0.5390625 0.21875 0.5390625 0.22395833333333334 0.53515625 0.2265625 0.5208333333333334 0.22395833333333334 0.5065104166666666 0.21354166666666666 0.52734375 0.20963541666666666 0.5325520833333334 0.2109375
3 0.7252604166666666 0.625 0.73828125 0.6328125 0.7408854166666666 0.6393229166666666 0.7408854166666666 0.6536458333333334 0.7239583333333334 0.6705729166666666 0.7122395833333334 0.6692708333333334 0.703125 0.6640625 0.6861979166666666 0.6614583333333334 0.6744791666666666 0.6510416666666666 0.67578125 0.6393229166666666 0.68359375 0.6315104166666666 0.71484375 0.625 0.7239583333333334 0.625
3 0.64453125 0.3359375 0.6536458333333334 0.3424479166666667 0.6536458333333334 0.3463541666666667 0.6510416666666666 0.3489583333333333 0.6510416666666666 0.3528645833333333 0.64453125 0.3528645833333333 0.640625 0.35546875 0.6276041666666666 0.3528645833333333 0.6276041666666666 0.34765625 0.6315104166666666 0.33984375 0.6432291666666666 0.3359375
3 0.6692708333333334 0.3125 0.69140625 0.3255208333333333 0.6927083333333334 0.3307291666666667 0.68359375 0.3333333333333333 0.68359375 0.3359375 0.6888020833333334 0.3385416666666667 0.6848958333333334 0.3411458333333333 0.6614583333333334 0.3411458333333333 0.6471354166666666 0.3346354166666667 0.6419270833333334 0.32421875 0.6640625 0.32421875 0.6653645833333334 0.3203125 0.6614583333333334 0.31640625 0.6640625 0.3138020833333333 0.66796875 0.3138020833333333
3 0.58203125 0.22135416666666666 0.5833333333333334 0.22395833333333334 0.5859375 0.22395833333333334 0.5872395833333334 0.22135416666666666 0.59375 0.22135416666666666 0.6041666666666666 0.23177083333333334 0.6028645833333334 0.23567708333333334 0.5911458333333334 0.23697916666666666 0.5716145833333334 0.23177083333333334 0.5690104166666666 0.22786458333333334 0.5729166666666666 0.22395833333333334 0.58203125 0.22265625
3 0.6536458333333334 0.26953125 0.66796875 0.2747395833333333 0.6731770833333334 0.28125 0.671875 0.28515625 0.6614583333333334 0.2877604166666667 0.6510416666666666 0.2864583333333333 0.6432291666666666 0.2799479166666667 0.6432291666666666 0.26953125 0.65234375 0.26953125
3 0.7669270833333334 0.6106770833333334 0.7825520833333334 0.6106770833333334 0.7994791666666666 0.6223958333333334 0.7981770833333334 0.6276041666666666 0.7942708333333334 0.6302083333333334 0.7708333333333334 0.62890625 0.7669270833333334 0.6276041666666666 0.76171875 0.62109375 0.76171875 0.6158854166666666 0.7669270833333334 0.6119791666666666
3 0.625 0.2565104166666667 0.6315104166666666 0.26171875 0.6380208333333334 0.26171875 0.6393229166666666 0.265625 0.63671875 0.2682291666666667 0.6171875 0.265625 0.6080729166666666 0.26171875 0.6028645833333334 0.2552083333333333 0.6041666666666666 0.2513020833333333 0.61328125 0.2513020833333333 0.6236979166666666 0.2565104166666667