3 0.3763020833333333 0.7669270833333334 0.38671875 0.7669270833333334 0.3854166666666667 0.7708333333333334 0.37890625 0.7708333333333334 0.3763020833333333 0.7682291666666666
3 0.3450520833333333 0.7220052083333334 0.012369791666666666 0.014973958333333334
3 0.55078125 0.79296875 0.55859375 0.7955729166666666 0.5559895833333334 0.7981770833333334 0.5442708333333334 0.796875 0.5455729166666666 0.79296875 0.5494791666666666 0.79296875
3 0.3489583333333333 0.7265625 0.359375 0.7356770833333334 0.359375 0.7395833333333334 0.35546875 0.7408854166666666 0.3450520833333333 0.73828125 0.3450520833333333 0.7317708333333334 0.34765625 0.7278645833333334
3 0.4622395833333333 0.7526041666666666 0.4739583333333333 0.75390625 0.4713541666666667 0.7565104166666666 0.4622395833333333 0.75390625
3 0.4296875 0.73046875 0.4388020833333333 0.7317708333333334 0.4375 0.734375 0.4296875 0.7317708333333334
3 0.6614583333333334 0.8359375 0.6692708333333334 0.8359375 0.6861979166666666 0.8424479166666666 0.6927083333333334 0.8424479166666666 0.7005208333333334 0.8450520833333334 0.703125 0.8489583333333334 0.6875 0.8489583333333334 0.671875 0.8424479166666666 0.6627604166666666 0.8411458333333334 0.66015625 0.8385416666666666 0.6614583333333334 0.8372395833333334
3 0.4752604166666667 0.7643229166666666 0.4765625 0.7682291666666666 0.4661458333333333 0.7682291666666666 0.4674479166666667 0.7643229166666666 0.4739583333333333 0.7643229166666666
3 0.859375 0.90234375 0.8684895833333334 0.90625 0.8697916666666666 0.9114583333333334 0.8541666666666666 0.9114583333333334 0.8411458333333334 0.90625 0.83984375 0.9049479166666666 0.84375 0.90234375 0.8580729166666666 0.90234375
3 0.57421875 0.80859375 0.5794270833333334 0.8111979166666666 0.5794270833333334 0.8138020833333334 0.5677083333333334 0.8138020833333334 0.5651041666666666 0.8098958333333334 0.5729166666666666 0.80859375
3 0.8046875 0.890625 0.8216145833333334 0.890625 0.83984375 0.8997395833333334 0.83984375 0.90234375 0.8177083333333334 0.8997395833333334 0.8046875 0.89453125 0.8046875 0.8919270833333334
3 0.3880208333333333 0.7135416666666666 0.3958333333333333 0.7161458333333334 0.3932291666666667 0.71875 0.3880208333333333 0.7174479166666666 0.3880208333333333 0.71484375
3 0.3893229166666667 0.7864583333333334 0.4036458333333333 0.78515625 0.4088541666666667 0.7877604166666666 0.40625 0.7903645833333334 0.3971354166666667 0.7903645833333334 0.390625 0.7864583333333334
3 0.3567708333333333 0.73046875 0.36328125 0.7291666666666666 0.3658854166666667 0.7317708333333334 0.3567708333333333 0.7317708333333334
3 0.4231770833333333 0.8111979166666666 0.4296875 0.8151041666666666 0.4270833333333333 0.8203125 0.4140625 0.8190104166666666 0.4140625 0.8138020833333334 0.421875 0.8111979166666666
3 0.35546875 0.7591145833333334 0.3684895833333333 0.7591145833333334 0.3684895833333333 0.76171875 0.3606770833333333 0.7630208333333334 0.35546875 0.7604166666666666
3 0.33203125 0.6953125 0.3372395833333333 0.7018229166666666 0.3385416666666667 0.7083333333333334 0.3307291666666667 0.7083333333333334 0.3255208333333333 0.7044270833333334 0.3229166666666667 0.6966145833333334 0.3307291666666667 0.6953125
3 0.8046875 0.8919270833333334 0.8190104166666666 0.890625 0.83203125 0.89453125 0.84375 0.9010416666666666 0.859375 0.90234375 0.8697916666666666 0.9075520833333334 0.8697916666666666 0.9114583333333334 0.8541666666666666 0.9114583333333334 0.8268229166666666 0.9010416666666666 0.8098958333333334 0.8971354166666666 0.8046875 0.8932291666666666
3 0.53125 0.7903645833333334 0.5442708333333334 0.7903645833333334 0.55859375 0.7955729166666666 0.5559895833333334 0.7981770833333334 0.55078125 0.7981770833333334 0.5338541666666666 0.7942708333333334 0.53125 0.7916666666666666
3 0.3489583333333333 0.7109375 0.3580729166666667 0.7174479166666666 0.3580729166666667 0.7278645833333334 0.3489583333333333 0.7265625 0.3502604166666667 0.7200520833333334 0.3450520833333333 0.7161458333333334 0.3450520833333333 0.7122395833333334 0.34765625 0.7109375
3 0.3619791666666667 0.7942708333333334 0.3697916666666667 0.79296875 0.3776041666666667 0.796875 0.3736979166666667 0.80078125 0.3671875 0.80078125 0.3619791666666667 0.7981770833333334 0.3619791666666667 0.7955729166666666
3 0.3697916666666667 0.7096354166666666 0.3776041666666667 0.7109375 0.3776041666666667 0.7135416666666666 0.375 0.71484375 0.3697916666666667 0.71484375 0.3671875 0.7122395833333334 0.3697916666666667 0.7109375
3 0.3671875 0.7513020833333334 0.3802083333333333 0.7526041666666666 0.3802083333333333 0.7552083333333334 0.37109375 0.7565104166666666 0.3671875 0.7552083333333334 0.3671875 0.7526041666666666
3 0.9348958333333334 0.9231770833333334 0.953125 0.9283854166666666 0.9661458333333334 0.9361979166666666 0.9947916666666666 0.9388020833333334 0.9986979166666666 0.94140625 0.9986979166666666 0.9518229166666666 0.9713541666666666 0.9453125 0.96875 0.94140625 0.9583333333333334 0.9361979166666666 0.9296875 0.9309895833333334 0.92578125 0.9283854166666666 0.92578125 0.9244791666666666 0.93359375 0.9231770833333334
3 0.76953125 0.86328125 0.78515625 0.8658854166666666 0.78515625 0.8723958333333334 0.7682291666666666 0.8697916666666666 0.765625 0.8671875 0.765625 0.8645833333333334 0.7682291666666666 0.86328125
3 0.56640625 0.8059895833333334 0.5794270833333334 0.8111979166666666 0.5794270833333334 0.8138020833333334 0.5677083333333334 0.8138020833333334 0.5611979166666666 0.8111979166666666 0.5546875 0.8072916666666666 0.5572916666666666 0.8046875 0.5651041666666666 0.8059895833333334
3 0.3971354166666667 0.9283854166666666 0.3984375 0.921875 0.4049479166666667 0.91796875 0.4192708333333333 0.91796875 0.4244791666666667 0.9205729166666666 0.4244791666666667 0.9244791666666666 0.41796875 0.9283854166666666 0.3984375 0.9283854166666666
3 0.3697916666666667 0.7395833333333334 0.3697916666666667 0.7434895833333334 0.3606770833333333 0.7421875 0.3684895833333333 0.7395833333333334
3 0.3489583333333333 0.7239583333333334 0.3528645833333333 0.7239583333333334 0.3580729166666667 0.7291666666666666 0.3580729166666667 0.7356770833333334 0.3515625 0.7356770833333334 0.3463541666666667 0.7317708333333334 0.3463541666666667 0.7265625 0.3489583333333333 0.7252604166666666
3 0.3893229166666667 0.8033854166666666 0.3932291666666667 0.80078125 0.4166666666666667 0.8020833333333334 0.4192708333333333 0.8033854166666666 0.4192708333333333 0.8072916666666666 0.4166666666666667 0.80859375 0.390625 0.8033854166666666
3 0.3346354166666667 0.69921875 0.34375 0.7057291666666666 0.34375 0.7122395833333334 0.3385416666666667 0.71484375 0.3307291666666667 0.7109375 0.328125 0.703125 0.3333333333333333 0.7005208333333334
3 0.7447916666666666 0.8600260416666666 0.022786458333333332 0.0078125
3 0.3268229166666667 0.6979166666666666 0.3333333333333333 0.703125 0.3346354166666667 0.7109375 0.3307291666666667 0.7109375 0.3255208333333333 0.7057291666666666 0.3229166666666667 0.69921875 0.3255208333333333 0.6979166666666666
3 0.3502604166666667 0.7486979166666666 0.35546875 0.7447916666666666 0.359375 0.7447916666666666 0.3606770833333333 0.7486979166666666 0.3515625 0.7486979166666666
3 0.4440104166666667 0.734375 0.4557291666666667 0.73828125 0.4557291666666667 0.7421875 0.4505208333333333 0.7421875 0.4453125 0.7408854166666666 0.4440104166666667 0.7356770833333334
3 0.3528645833333333 0.7161458333333334 0.3528645833333333 0.73046875 0.3463541666666667 0.73046875 0.3463541666666667 0.7239583333333334 0.33984375 0.7174479166666666 0.3450520833333333 0.7135416666666666 0.3489583333333333 0.7135416666666666 0.3515625 0.7161458333333334
3 0.6067708333333334 0.81640625 0.6158854166666666 0.81640625 0.6380208333333334 0.8229166666666666 0.6380208333333334 0.8268229166666666 0.62890625 0.8268229166666666 0.6184895833333334 0.82421875 0.6067708333333334 0.8177083333333334
3 0.9348958333333334 0.9231770833333334 0.953125 0.9283854166666666 0.9583333333333334 0.9309895833333334 0.9609375 0.9361979166666666 0.9296875 0.9309895833333334 0.92578125 0.9283854166666666 0.92578125 0.92578125 0.93359375 0.9231770833333334
3 0.3776041666666667 0.7057291666666666 0.3802083333333333 0.70703125 0.3802083333333333 0.7109375 0.3736979166666667 0.71484375 0.3697916666666667 0.7135416666666666 0.3697916666666667 0.7083333333333334 0.3723958333333333 0.7057291666666666 0.3763020833333333 0.7057291666666666
3 0.44140625 0.7408854166666666 0.4479166666666667 0.7395833333333334 0.4544270833333333 0.7421875 0.4544270833333333 0.7447916666666666 0.4466145833333333 0.7447916666666666 0.44140625 0.7421875
3 0.3619791666666667 0.7747395833333334 0.3763020833333333 0.7747395833333334 0.3736979166666667 0.7799479166666666 0.3619791666666667 0.7799479166666666 0.3619791666666667 0.7760416666666666
3 0.984375 0.9375 0.9986979166666666 0.94140625 0.9986979166666666 0.9518229166666666 0.97265625 0.9453125 0.9674479166666666 0.9388020833333334 0.9830729166666666 0.9375
3 0.4856770833333333 0.7721354166666666 0.4986979166666667 0.7721354166666666 0.4986979166666667 0.7760416666666666 0.4908854166666667 0.7760416666666666 0.4856770833333333 0.7734375
3 0.453125 0.9791666666666666 0.4622395833333333 0.9908854166666666 0.4700520833333333 0.9947916666666666 0.4700520833333333 0.9986979166666666 0.4283854166666667 0.9986979166666666 0.42578125 0.9817708333333334 0.4518229166666667 0.9791666666666666
3 0.32421875 0.6979166666666666 0.3372395833333333 0.70703125 0.3372395833333333 0.7096354166666666 0.3333333333333333 0.7122395833333334 0.3307291666666667 0.7109375 0.3255208333333333 0.7057291666666666 0.32421875 0.69921875
3 0.40234375 0.71875 0.4114583333333333 0.71875 0.4114583333333333 0.7239583333333334 0.4036458333333333 0.72265625 0.40234375 0.7200520833333334
3 0.328125 0.7044270833333334 0.3372395833333333 0.7096354166666666 0.3346354166666667 0.7122395833333334 0.3307291666666667 0.7122395833333334 0.328125 0.7057291666666666
3 0.6197916666666666 0.8229166666666666 0.6236979166666666 0.8203125 0.6380208333333334 0.8229166666666666 0.6380208333333334 0.8268229166666666 0.6263020833333334 0.8268229166666666 0.6197916666666666 0.82421875
3 0.4192708333333333 0.7239583333333334 0.4283854166666667 0.7265625 0.4283854166666667 0.7291666666666666 0.4244791666666667 0.7291666666666666 0.4192708333333333 0.7252604166666666
3 0.4322916666666667 0.87890625 0.4361979166666667 0.8841145833333334 0.4453125 0.88671875 0.44921875 0.890625 0.4479166666666667 0.89453125 0.4388020833333333 0.8971354166666666 0.42578125 0.89453125 0.4140625 0.8841145833333334 0.4153645833333333 0.87890625 0.4309895833333333 0.87890625
3 0.42578125 0.83203125 0.4296875 0.8294270833333334 0.4388020833333333 0.8294270833333334 0.4479166666666667 0.8359375 0.4427083333333333 0.8411458333333334 0.4348958333333333 0.8411458333333334 0.42578125 0.8359375 0.42578125 0.8333333333333334
3 0.3502604166666667 0.7213541666666666 0.3528645833333333 0.7213541666666666 0.3541666666666667 0.7239583333333334 0.3541666666666667 0.73046875 0.3489583333333333 0.7317708333333334 0.3463541666666667 0.73046875 0.3463541666666667 0.7265625 0.3502604166666667 0.72265625
3 0.4908854166666667 0.7825520833333334 0.4986979166666667 0.7825520833333334 0.5078125 0.7864583333333334 0.49609375 0.7877604166666666 0.4908854166666667 0.7838541666666666
3 0.53125 0.7903645833333334 0.5442708333333334 0.7916666666666666 0.5442708333333334 0.7942708333333334 0.5338541666666666 0.7942708333333334 0.53125 0.7916666666666666
3 0.6041666666666666 0.8177083333333334 0.62109375 0.8177083333333334 0.62109375 0.8203125 0.6184895833333334 0.8216145833333334 0.61328125 0.8216145833333334 0.60546875 0.8177083333333334
3 0.46484375 0.74609375 0.4752604166666667 0.7486979166666666 0.46484375 0.75 0.46484375 0.7473958333333334
3 0.4778645833333333 0.7578125 0.4895833333333333 0.7591145833333334 0.4908854166666667 0.76171875 0.48046875 0.76171875 0.4778645833333333 0.7591145833333334
3 0.4140625 0.8528645833333334 0.4166666666666667 0.8541666666666666 0.4166666666666667 0.8567708333333334 0.4127604166666667 0.8606770833333334 0.40234375 0.86328125 0.39453125 0.8619791666666666 0.3919270833333333 0.859375 0.3919270833333333 0.85546875 0.3984375 0.8528645833333334 0.4127604166666667 0.8528645833333334
3 0.4427083333333333 0.8854166666666666 0.4479166666666667 0.8880208333333334 0.44921875 0.8919270833333334 0.4479166666666667 0.89453125 0.4401041666666667 0.8971354166666666 0.4309895833333333 0.8971354166666666 0.4244791666666667 0.89453125 0.4205729166666667 0.8919270833333334 0.4205729166666667 0.8880208333333334 0.43359375 0.8841145833333334 0.44140625 0.8854166666666666
3 0.3893229166666667 0.93359375 0.3997395833333333 0.9283854166666666 0.4088541666666667 0.9283854166666666 0.4166666666666667 0.9309895833333334 0.4192708333333333 0.9348958333333334 0.4166666666666667 0.9401041666666666 0.4088541666666667 0.9427083333333334 0.4075520833333333 0.9453125 0.3971354166666667 0.9453125 0.3893229166666667 0.9388020833333334 0.3893229166666667 0.9348958333333334
3 0.3776041666666667 0.703125 0.3815104166666667 0.7057291666666666 0.3815104166666667 0.7083333333333334 0.3763020833333333 0.7096354166666666 0.3763020833333333 0.7044270833333334
3 0.7604166666666666 0.86328125 0.78515625 0.8658854166666666 0.7877604166666666 0.8697916666666666 0.78125 0.8723958333333334 0.7682291666666666 0.8697916666666666 0.76171875 0.8645833333333334