3 0.4947916666666667 0.16666666666666666 0.4973958333333333 0.16666666666666666 0.4986979166666667 0.17708333333333334 0.49609375 0.1796875 0.4908854166666667 0.1796875 0.4895833333333333 0.17708333333333334 0.4908854166666667 0.171875 0.4934895833333333 0.171875 0.4947916666666667 0.16796875
3 0.4986979166666667 0.4921875 0.5169270833333334 0.4921875 0.51953125 0.4947916666666667 0.5221354166666666 0.5052083333333334 0.5260416666666666 0.5065104166666666 0.5247395833333334 0.5130208333333334 0.5221354166666666 0.5130208333333334 0.5208333333333334 0.5169270833333334 0.515625 0.5169270833333334 0.5143229166666666 0.51953125 0.4934895833333333 0.5169270833333334 0.4934895833333333 0.5143229166666666 0.4908854166666667 0.5130208333333334 0.4908854166666667 0.5065104166666666 0.4934895833333333 0.5052083333333334 0.4947916666666667 0.4947916666666667 0.4986979166666667 0.4934895833333333
3 0.4739583333333333 0.18619791666666666 0.4778645833333333 0.18619791666666666 0.4765625 0.19401041666666666 0.4713541666666667 0.19401041666666666 0.4713541666666667 0.18880208333333334 0.4739583333333333 0.1875
3 0.51171875 0.44921875 0.5299479166666666 0.44921875 0.53125 0.4518229166666667 0.5338541666666666 0.4518229166666667 0.5338541666666666 0.4596354166666667 0.53125 0.4596354166666667 0.52734375 0.46484375 0.51953125 0.46484375 0.5182291666666666 0.4622395833333333 0.5143229166666666 0.4622395833333333 0.51171875 0.4596354166666667 0.51171875 0.4505208333333333
3 0.4205729166666667 0.24609375 0.4231770833333333 0.24609375 0.4244791666666667 0.2513020833333333 0.4270833333333333 0.2526041666666667 0.4270833333333333 0.26171875 0.41796875 0.26171875 0.4153645833333333 0.2552083333333333 0.41796875 0.24869791666666666 0.4205729166666667 0.24739583333333334
3 0.4908854166666667 0.18359375 0.4947916666666667 0.18359375 0.49609375 0.18619791666666666 0.4947916666666667 0.19401041666666666 0.4895833333333333 0.19401041666666666 0.4869791666666667 0.18880208333333334 0.4908854166666667 0.18489583333333334
3 0.41796875 0.24869791666666666 0.4270833333333333 0.24869791666666666 0.4270833333333333 0.2513020833333333 0.4296875 0.2526041666666667 0.4296875 0.2565104166666667 0.41796875 0.2565104166666667 0.41796875 0.25
3 0.4778645833333333 0.19270833333333334 0.48046875 0.1953125 0.484375 0.1953125 0.4856770833333333 0.19791666666666666 0.4856770833333333 0.20182291666666666 0.4791666666666667 0.20182291666666666 0.4778645833333333 0.19401041666666666
3 0.4635416666666667 0.20052083333333334 0.46875 0.203125 0.46875 0.20833333333333334 0.4596354166666667 0.20833333333333334 0.4596354166666667 0.203125 0.4635416666666667 0.20182291666666666
3 0.4166666666666667 0.24348958333333334 0.4231770833333333 0.24348958333333334 0.4244791666666667 0.24609375 0.421875 0.2526041666666667 0.4244791666666667 0.2565104166666667 0.4153645833333333 0.2565104166666667 0.4166666666666667 0.24479166666666666
3 0.4973958333333333 0.17838541666666666 0.50390625 0.17838541666666666 0.5026041666666666 0.18489583333333334 0.4973958333333333 0.18489583333333334 0.4973958333333333 0.1796875
3 0.4231770833333333 0.2265625 0.42578125 0.2265625 0.4296875 0.23177083333333334 0.4296875 0.23697916666666666 0.4270833333333333 0.23958333333333334 0.41796875 0.23958333333333334 0.4153645833333333 0.23307291666666666 0.4166666666666667 0.22916666666666666 0.4231770833333333 0.22786458333333334
3 0.4986979166666667 0.3489583333333333 0.5091145833333334 0.3489583333333333 0.5104166666666666 0.3515625 0.5130208333333334 0.3515625 0.5143229166666666 0.35546875 0.5091145833333334 0.3619791666666667 0.5026041666666666 0.3619791666666667 0.5013020833333334 0.359375 0.4973958333333333 0.359375 0.4947916666666667 0.3567708333333333 0.4947916666666667 0.3515625 0.4986979166666667 0.3502604166666667
3 0.61328125 0.8606770833333334 0.62109375 0.86328125 0.62890625 0.8723958333333334 0.6380208333333334 0.8723958333333334 0.6393229166666666 0.875 0.6471354166666666 0.8723958333333334 0.6484375 0.890625 0.6510416666666666 0.8919270833333334 0.6536458333333334 0.8984375 0.66015625 0.9010416666666666 0.6666666666666666 0.9088541666666666 0.671875 0.9114583333333334 0.6731770833333334 0.9153645833333334 0.67578125 0.9153645833333334 0.6809895833333334 0.92578125 0.6809895833333334 0.93359375 0.6848958333333334 0.9375 0.6888020833333334 0.9544270833333334 0.6888020833333334 0.9765625 0.6861979166666666 0.98046875 0.6861979166666666 0.9856770833333334 0.6809895833333334 0.9895833333333334 0.6783854166666666 0.99609375 0.6536458333333334 0.99609375 0.65234375 0.9986979166666666 0.6341145833333334 0.9986979166666666 0.6328125 0.99609375 0.625 0.9934895833333334 0.6197916666666666 0.9856770833333334 0.6171875 0.9856770833333334 0.6171875 0.98046875 0.61328125 0.9765625 0.6002604166666666 0.9791666666666666 0.5989583333333334 0.97265625 0.5950520833333334 0.9713541666666666 0.5950520833333334 0.96875 0.6002604166666666 0.96875 0.6015625 0.9661458333333334 0.5989583333333334 0.96484375 0.5989583333333334 0.9518229166666666 0.5950520833333334 0.9479166666666666 0.59375 0.9375 0.5911458333333334 0.93359375 0.5911458333333334 0.9036458333333334 0.5950520833333334 0.8802083333333334 0.6015625 0.8723958333333334 0.60546875 0.87109375 0.6067708333333334 0.8658854166666666 0.61328125 0.8619791666666666
3 0.41796875 0.22395833333333334 0.42578125 0.22395833333333334 0.4244791666666667 0.23046875 0.4166666666666667 0.23046875 0.41796875 0.22526041666666666
3 0.48828125 0.18619791666666666 0.4921875 0.18619791666666666 0.4947916666666667 0.18880208333333334 0.4934895833333333 0.19401041666666666 0.4908854166666667 0.19401041666666666 0.4869791666666667 0.19921875 0.4856770833333333 0.18880208333333334 0.48828125 0.1875
3 0.4322916666666667 0.21484375 0.4401041666666667 0.21484375 0.4388020833333333 0.22265625 0.43359375 0.22265625 0.4322916666666667 0.21614583333333334
3 0.4166666666666667 0.2526041666666667 0.42578125 0.2526041666666667 0.4270833333333333 0.2591145833333333 0.4296875 0.2604166666666667 0.4296875 0.265625 0.4270833333333333 0.26171875 0.4166666666666667 0.26171875 0.4166666666666667 0.25390625
3 0.4830729166666667 0.18880208333333334 0.48828125 0.1953125 0.4869791666666667 0.20182291666666666 0.4817708333333333 0.20182291666666666 0.4791666666666667 0.19270833333333334 0.4817708333333333 0.19270833333333334 0.4830729166666667 0.19010416666666666
3 0.4908854166666667 0.17838541666666666 0.5013020833333334 0.17838541666666666 0.5013020833333334 0.18229166666666666 0.4986979166666667 0.18359375 0.49609375 0.19140625 0.4934895833333333 0.19140625 0.4934895833333333 0.18880208333333334 0.4908854166666667 0.1875 0.4908854166666667 0.1796875
3 0.4908854166666667 0.1640625 0.4986979166666667 0.1640625 0.5013020833333334 0.16666666666666666 0.5013020833333334 0.17708333333333334 0.49609375 0.17708333333333334 0.4947916666666667 0.1796875 0.4934895833333333 0.17708333333333334 0.4908854166666667 0.17708333333333334 0.4908854166666667 0.16536458333333334
3 0.5182291666666666 0.4466145833333333 0.5208333333333334 0.4466145833333333 0.5221354166666666 0.44921875 0.5299479166666666 0.44921875 0.5364583333333334 0.4544270833333333 0.5377604166666666 0.4583333333333333 0.5416666666666666 0.4583333333333333 0.5442708333333334 0.4609375 0.54296875 0.4674479166666667 0.5299479166666666 0.4674479166666667 0.5286458333333334 0.4713541666666667 0.51953125 0.4713541666666667 0.5182291666666666 0.4674479166666667 0.5143229166666666 0.4674479166666667 0.5104166666666666 0.45703125 0.51171875 0.44921875 0.5182291666666666 0.4479166666666667
3 0.48828125 0.18619791666666666 0.4895833333333333 0.18880208333333334 0.4921875 0.18880208333333334 0.4921875 0.19401041666666666 0.48828125 0.1953125 0.48828125 0.19921875 0.4830729166666667 0.19921875 0.4830729166666667 0.19270833333333334 0.48828125 0.1875
3 0.4166666666666667 0.22395833333333334 0.42578125 0.22395833333333334 0.4231770833333333 0.23307291666666666 0.4140625 0.23307291666666666 0.4114583333333333 0.23046875 0.4166666666666667 0.22526041666666666
3 0.47265625 0.18619791666666666 0.4778645833333333 0.18619791666666666 0.4778645833333333 0.19140625 0.4739583333333333 0.19661458333333334 0.4700520833333333 0.19661458333333334 0.47265625 0.1875
3 0.4713541666666667 0.19270833333333334 0.4765625 0.19270833333333334 0.4765625 0.19661458333333334 0.4739583333333333 0.19921875 0.4713541666666667 0.19921875 0.4713541666666667 0.19401041666666666
3 0.4739583333333333 0.3294270833333333 0.4869791666666667 0.3294270833333333 0.4921875 0.3346354166666667 0.4895833333333333 0.33984375 0.48046875 0.33984375 0.4791666666666667 0.3424479166666667 0.4739583333333333 0.3424479166666667 0.47265625 0.33984375 0.4661458333333333 0.33984375 0.4674479166666667 0.3346354166666667 0.4739583333333333 0.3307291666666667
3 0.4140625 0.23177083333333334 0.421875 0.23177083333333334 0.4231770833333333 0.234375 0.4231770833333333 0.2421875 0.4114583333333333 0.2421875 0.4088541666666667 0.23958333333333334 0.4088541666666667 0.234375 0.4140625 0.23307291666666666
3 0.4947916666666667 0.16015625 0.4947916666666667 0.16276041666666666 0.4986979166666667 0.1640625 0.4986979166666667 0.17708333333333334 0.4895833333333333 0.17708333333333334 0.4908854166666667 0.1640625 0.4934895833333333 0.1640625 0.4947916666666667 0.16145833333333334
3 0.49609375 0.17447916666666666 0.5013020833333334 0.17447916666666666 0.5013020833333334 0.17708333333333334 0.50390625 0.17838541666666666 0.50390625 0.18229166666666666 0.5013020833333334 0.18489583333333334 0.4973958333333333 0.18489583333333334 0.49609375 0.17578125
3 0.5260416666666666 0.7265625 0.5403645833333334 0.7265625 0.5481770833333334 0.734375 0.55078125 0.7408854166666666 0.5533854166666666 0.7408854166666666 0.5546875 0.7434895833333334 0.5598958333333334 0.7434895833333334 0.5611979166666666 0.74609375 0.56640625 0.74609375 0.5690104166666666 0.7591145833333334 0.5716145833333334 0.7604166666666666 0.5716145833333334 0.765625 0.5768229166666666 0.7760416666666666 0.5794270833333334 0.77734375 0.5807291666666666 0.7838541666666666 0.5794270833333334 0.7994791666666666 0.5729166666666666 0.8059895833333334 0.5716145833333334 0.8111979166666666 0.5690104166666666 0.8111979166666666 0.5651041666666666 0.81640625 0.5598958333333334 0.81640625 0.55859375 0.8190104166666666 0.5455729166666666 0.8190104166666666 0.5442708333333334 0.8216145833333334 0.5364583333333334 0.8216145833333334 0.53515625 0.8255208333333334 0.5299479166666666 0.8255208333333334 0.5299479166666666 0.8229166666666666 0.5234375 0.8190104166666666 0.5182291666666666 0.8111979166666666 0.5130208333333334 0.8111979166666666 0.51171875 0.8072916666666666 0.5065104166666666 0.8072916666666666 0.4934895833333333 0.7942708333333334 0.4908854166666667 0.7942708333333334 0.4869791666666667 0.7799479166666666 0.4908854166666667 0.7578125 0.4947916666666667 0.7565104166666666 0.4986979166666667 0.74609375 0.5026041666666666 0.7447916666666666 0.5026041666666666 0.7408854166666666 0.5078125 0.7369791666666666 0.5078125 0.734375 0.5130208333333334 0.734375 0.5143229166666666 0.7317708333333334 0.5260416666666666 0.7278645833333334
3 0.4466145833333333 0.2669270833333333 0.453125 0.2734375 0.44921875 0.2734375 0.4479166666666667 0.2760416666666667 0.4401041666666667 0.2760416666666667 0.4388020833333333 0.2734375 0.4401041666666667 0.26953125 0.4466145833333333 0.2682291666666667
3 0.4596354166666667 0.2838541666666667 0.4713541666666667 0.2838541666666667 0.4739583333333333 0.2864583333333333 0.47265625 0.2903645833333333 0.4674479166666667 0.2903645833333333 0.4661458333333333 0.2942708333333333 0.4583333333333333 0.2942708333333333 0.45703125 0.2864583333333333 0.4596354166666667 0.28515625
3 0.4856770833333333 0.3893229166666667 0.5013020833333334 0.3893229166666667 0.5065104166666666 0.3984375 0.5052083333333334 0.40234375 0.5 0.40234375 0.4986979166666667 0.4049479166666667 0.48046875 0.4049479166666667 0.4791666666666667 0.39453125 0.48046875 0.3919270833333333 0.4856770833333333 0.390625
3 0.4908854166666667 0.1640625 0.4986979166666667 0.1640625 0.4986979166666667 0.17708333333333334 0.4934895833333333 0.17708333333333334 0.4934895833333333 0.17447916666666666 0.4908854166666667 0.17317708333333334 0.4908854166666667 0.16536458333333334
3 0.4817708333333333 0.18098958333333334 0.48828125 0.18098958333333334 0.48828125 0.1875 0.48046875 0.1875 0.4817708333333333 0.18229166666666666
3 0.4205729166666667 0.24348958333333334 0.4296875 0.24348958333333334 0.43359375 0.24869791666666666 0.4309895833333333 0.2565104166666667 0.4205729166666667 0.2565104166666667 0.41796875 0.25390625 0.41796875 0.24869791666666666 0.4205729166666667 0.24479166666666666
3 0.43359375 0.28125 0.4401041666666667 0.28125 0.44140625 0.2838541666666667 0.44140625 0.2877604166666667 0.4388020833333333 0.2877604166666667 0.4375 0.2903645833333333 0.4309895833333333 0.2903645833333333 0.4283854166666667 0.2864583333333333 0.43359375 0.2825520833333333
3 0.4700520833333333 0.16015625 0.4739583333333333 0.1640625 0.47265625 0.17057291666666666 0.4674479166666667 0.17057291666666666 0.4661458333333333 0.1640625 0.46875 0.1640625 0.4700520833333333 0.16145833333333334
3 0.4505208333333333 0.2981770833333333 0.4622395833333333 0.2981770833333333 0.46484375 0.30078125 0.46484375 0.3046875 0.4596354166666667 0.3046875 0.4583333333333333 0.3072916666666667 0.4479166666666667 0.3072916666666667 0.4505208333333333 0.2994791666666667
3 0.4830729166666667 0.18098958333333334 0.4921875 0.18098958333333334 0.4921875 0.1875 0.4895833333333333 0.18880208333333334 0.4895833333333333 0.19140625 0.4856770833333333 0.19140625 0.4856770833333333 0.18880208333333334 0.4817708333333333 0.1875 0.48046875 0.18359375 0.4830729166666667 0.18229166666666666
3 0.4140625 0.23177083333333334 0.4244791666666667 0.23177083333333334 0.42578125 0.234375 0.4244791666666667 0.2421875 0.421875 0.24479166666666666 0.41796875 0.24479166666666666 0.4166666666666667 0.2421875 0.41015625 0.23958333333333334 0.41015625 0.234375 0.4140625 0.23307291666666666
3 0.4739583333333333 0.19270833333333334 0.48046875 0.19270833333333334 0.484375 0.19791666666666666 0.4752604166666667 0.19921875 0.4739583333333333 0.19401041666666666
3 0.4934895833333333 0.16015625 0.4973958333333333 0.16015625 0.4986979166666667 0.1640625 0.4986979166666667 0.17317708333333334 0.4895833333333333 0.17317708333333334 0.4895833333333333 0.1640625 0.4921875 0.1640625 0.4934895833333333 0.16145833333333334
3 0.4908854166666667 0.17447916666666666 0.4973958333333333 0.17447916666666666 0.4947916666666667 0.1875 0.4895833333333333 0.1875 0.48828125 0.18489583333333334 0.4908854166666667 0.17578125
3 0.53125 0.4088541666666667 0.5338541666666666 0.4114583333333333 0.5416666666666666 0.4114583333333333 0.5455729166666666 0.41796875 0.5533854166666666 0.41796875 0.5533854166666666 0.4244791666666667 0.55078125 0.4244791666666667 0.5494791666666666 0.4283854166666667 0.52734375 0.4283854166666667 0.5260416666666666 0.4244791666666667 0.5221354166666666 0.4244791666666667 0.5208333333333334 0.41796875 0.5234375 0.4114583333333333 0.53125 0.41015625
3 0.4908854166666667 0.1640625 0.4973958333333333 0.1640625 0.4986979166666667 0.16666666666666666 0.4973958333333333 0.17708333333333334 0.4947916666666667 0.1796875 0.4895833333333333 0.1796875 0.48828125 0.17447916666666666 0.4908854166666667 0.17057291666666666 0.4908854166666667 0.16536458333333334
3 0.4908854166666667 0.1640625 0.4973958333333333 0.1640625 0.4986979166666667 0.16666666666666666 0.4973958333333333 0.17708333333333334 0.4908854166666667 0.17708333333333334 0.4908854166666667 0.16536458333333334
3 0.4283854166666667 0.21744791666666666 0.4348958333333333 0.21744791666666666 0.4375 0.22005208333333334 0.4375 0.22265625 0.43359375 0.22395833333333334 0.43359375 0.23046875 0.4283854166666667 0.23697916666666666 0.4283854166666667 0.21875
3 0.4778645833333333 0.18359375 0.48046875 0.19270833333333334 0.4791666666666667 0.19661458333333334 0.47265625 0.19661458333333334 0.4713541666666667 0.19401041666666666 0.4739583333333333 0.18619791666666666 0.4778645833333333 0.18489583333333334
3 0.4244791666666667 0.2630208333333333 0.4270833333333333 0.2669270833333333 0.4296875 0.2669270833333333 0.4296875 0.2708333333333333 0.4244791666666667 0.2708333333333333 0.4231770833333333 0.2734375 0.4192708333333333 0.2734375 0.4166666666666667 0.2708333333333333 0.41796875 0.2669270833333333 0.4231770833333333 0.2669270833333333 0.4244791666666667 0.2643229166666667
3 0.94140625 0.23177083333333334 0.9453125 0.23177083333333334 0.94921875 0.23828125 0.94921875 0.2421875 0.9466145833333334 0.24479166666666666 0.9401041666666666 0.24479166666666666 0.9388020833333334 0.234375 0.94140625 0.23307291666666666
3 0.49609375 0.17838541666666666 0.5026041666666666 0.17838541666666666 0.5026041666666666 0.18229166666666666 0.4986979166666667 0.18619791666666666 0.4973958333333333 0.19140625 0.4947916666666667 0.19140625 0.49609375 0.1796875
3 0.4140625 0.22916666666666666 0.4231770833333333 0.23177083333333334 0.421875 0.23958333333333334 0.4075520833333333 0.23958333333333334 0.4088541666666667 0.23177083333333334 0.4140625 0.23046875
3 0.4895833333333333 0.17447916666666666 0.4973958333333333 0.17447916666666666 0.4947916666666667 0.1875 0.4908854166666667 0.1875 0.48828125 0.18489583333333334 0.4895833333333333 0.17578125
3 0.4908854166666667 0.171875 0.49609375 0.171875 0.4973958333333333 0.17447916666666666 0.4947916666666667 0.18229166666666666 0.48828125 0.18229166666666666 0.4908854166666667 0.17317708333333334
3 0.4908854166666667 0.16015625 0.4973958333333333 0.16015625 0.4986979166666667 0.16536458333333334 0.5013020833333334 0.16666666666666666 0.4986979166666667 0.17708333333333334 0.4934895833333333 0.17708333333333334 0.4934895833333333 0.17447916666666666 0.4895833333333333 0.17317708333333334 0.4908854166666667 0.16145833333333334
3 0.4908854166666667 0.17838541666666666 0.4973958333333333 0.17838541666666666 0.4947916666666667 0.19401041666666666 0.4921875 0.19140625 0.48828125 0.19140625 0.4908854166666667 0.1796875
3 0.4322916666666667 0.2552083333333333 0.4427083333333333 0.2552083333333333 0.4453125 0.2578125 0.4427083333333333 0.26171875 0.4322916666666667 0.26171875 0.4322916666666667 0.2565104166666667
3 0.4973958333333333 0.18098958333333334 0.4986979166666667 0.19140625 0.4973958333333333 0.19401041666666666 0.4908854166666667 0.19401041666666666 0.4908854166666667 0.18880208333333334 0.4973958333333333 0.18229166666666666
3 0.5299479166666666 0.6119791666666666 0.54296875 0.6119791666666666 0.5442708333333334 0.6145833333333334 0.5481770833333334 0.6145833333333334 0.55859375 0.63671875 0.5625 0.640625 0.5690104166666666 0.640625 0.5716145833333334 0.6432291666666666 0.56640625 0.6536458333333334 0.5638020833333334 0.65625 0.5598958333333334 0.65625 0.55859375 0.6588541666666666 0.5533854166666666 0.6588541666666666 0.5520833333333334 0.6627604166666666 0.5364583333333334 0.6627604166666666 0.53515625 0.6653645833333334 0.52734375 0.6653645833333334 0.5260416666666666 0.6627604166666666 0.5221354166666666 0.6627604166666666 0.5208333333333334 0.6575520833333334 0.5169270833333334 0.6536458333333334 0.5130208333333334 0.6536458333333334 0.51171875 0.6432291666666666 0.515625 0.6393229166666666 0.515625 0.6236979166666666 0.5234375 0.6145833333333334 0.5299479166666666 0.61328125
3 0.4739583333333333 0.18619791666666666 0.4765625 0.18619791666666666 0.47265625 0.19401041666666666 0.4713541666666667 0.18880208333333334 0.4739583333333333 0.1875
3 0.44921875 0.20572916666666666 0.453125 0.20572916666666666 0.453125 0.20833333333333334 0.4557291666666667 0.20963541666666666 0.4544270833333333 0.21354166666666666 0.4466145833333333 0.21354166666666666 0.4466145833333333 0.20963541666666666 0.44921875 0.20703125
3 0.4947916666666667 0.16015625 0.4947916666666667 0.16276041666666666 0.4986979166666667 0.1640625 0.4986979166666667 0.17708333333333334 0.4934895833333333 0.17708333333333334 0.4934895833333333 0.17447916666666666 0.4895833333333333 0.17317708333333334 0.4908854166666667 0.1640625 0.4934895833333333 0.1640625 0.4947916666666667 0.16145833333333334
3 0.4088541666666667 0.234375 0.421875 0.234375 0.421875 0.24479166666666666 0.4140625 0.24479166666666666 0.4127604166666667 0.2421875 0.41015625 0.2421875 0.4088541666666667 0.23567708333333334
3 0.4908854166666667 0.18359375 0.49609375 0.18619791666666666 0.49609375 0.19401041666666666 0.4908854166666667 0.19401041666666666 0.4895833333333333 0.19661458333333334 0.4869791666666667 0.19661458333333334 0.4856770833333333 0.18880208333333334 0.4908854166666667 0.18489583333333334
3 0.48828125 0.18619791666666666 0.4895833333333333 0.18880208333333334 0.4934895833333333 0.18880208333333334 0.4921875 0.19401041666666666 0.4895833333333333 0.19401041666666666 0.48828125 0.19921875 0.4856770833333333 0.19921875 0.4856770833333333 0.18880208333333334 0.48828125 0.1875
3 0.4856770833333333 0.18098958333333334 0.48828125 0.18619791666666666 0.4856770833333333 0.19661458333333334 0.4830729166666667 0.19661458333333334 0.4791666666666667 0.19140625 0.48046875 0.18359375 0.4856770833333333 0.18229166666666666
3 0.4856770833333333 0.3059895833333333 0.49609375 0.3059895833333333 0.4973958333333333 0.30859375 0.5026041666666666 0.30859375 0.50390625 0.3125 0.5026041666666666 0.31640625 0.4830729166666667 0.31640625 0.4817708333333333 0.30859375 0.4856770833333333 0.3072916666666667
3 0.4908854166666667 0.17838541666666666 0.4934895833333333 0.17838541666666666 0.4947916666666667 0.18098958333333334 0.4947916666666667 0.19140625 0.4921875 0.19401041666666666 0.4895833333333333 0.19140625 0.4856770833333333 0.19140625 0.4856770833333333 0.18359375 0.4908854166666667 0.1796875
3 0.4752604166666667 0.19270833333333334 0.48046875 0.19270833333333334 0.4856770833333333 0.19791666666666666 0.484375 0.20182291666666666 0.4791666666666667 0.20182291666666666 0.4778645833333333 0.19921875 0.4752604166666667 0.19921875 0.4752604166666667 0.19401041666666666
3 0.4192708333333333 0.234375 0.421875 0.234375 0.4231770833333333 0.23958333333333334 0.42578125 0.24088541666666666 0.42578125 0.24739583333333334 0.4166666666666667 0.24739583333333334 0.4153645833333333 0.24088541666666666 0.4192708333333333 0.23567708333333334
3 0.5 0.3489583333333333 0.5091145833333334 0.3489583333333333 0.5104166666666666 0.3515625 0.5143229166666666 0.3515625 0.515625 0.35546875 0.5208333333333334 0.35546875 0.5221354166666666 0.3580729166666667 0.5208333333333334 0.3619791666666667 0.5130208333333334 0.3619791666666667 0.51171875 0.3645833333333333 0.5104166666666666 0.3619791666666667 0.5 0.3619791666666667 0.49609375 0.3567708333333333 0.49609375 0.3515625 0.5 0.3502604166666667
3 0.4869791666666667 0.18359375 0.4921875 0.18359375 0.4947916666666667 0.18619791666666666 0.4934895833333333 0.19401041666666666 0.4895833333333333 0.19401041666666666 0.48828125 0.19140625 0.4856770833333333 0.19140625 0.4869791666666667 0.18489583333333334
3 0.4140625 0.23177083333333334 0.4244791666666667 0.23177083333333334 0.42578125 0.234375 0.4244791666666667 0.2421875 0.4153645833333333 0.2421875 0.4140625 0.23958333333333334 0.41015625 0.23958333333333334 0.41015625 0.234375 0.4140625 0.23307291666666666
3 0.47265625 0.18359375 0.4739583333333333 0.19140625 0.4700520833333333 0.19140625 0.47265625 0.18489583333333334
3 0.4908854166666667 0.16927083333333334 0.4934895833333333 0.16927083333333334 0.4947916666666667 0.17708333333333334 0.4869791666666667 0.18489583333333334 0.48046875 0.18489583333333334 0.48046875 0.18098958333333334 0.484375 0.18098958333333334 0.48828125 0.17708333333333334 0.48828125 0.171875 0.4908854166666667 0.17057291666666666
3 0.4205729166666667 0.24348958333333334 0.4244791666666667 0.24609375 0.4244791666666667 0.25390625 0.4270833333333333 0.2552083333333333 0.4244791666666667 0.2578125 0.4270833333333333 0.26171875 0.41796875 0.26171875 0.41796875 0.2578125 0.4153645833333333 0.2552083333333333 0.4205729166666667 0.24479166666666666
3 0.55859375 0.5325520833333334 0.5729166666666666 0.5325520833333334 0.57421875 0.53515625 0.5794270833333334 0.53515625 0.5846354166666666 0.546875 0.5989583333333334 0.5494791666666666 0.59375 0.5598958333333334 0.5911458333333334 0.5625 0.5872395833333334 0.5625 0.5859375 0.5651041666666666 0.5690104166666666 0.5651041666666666 0.5677083333333334 0.5625 0.5611979166666666 0.5625 0.55859375 0.5598958333333334 0.55859375 0.5494791666666666 0.5559895833333334 0.5455729166666666 0.5533854166666666 0.5455729166666666 0.5533854166666666 0.53515625 0.55859375 0.5338541666666666