3 0.4596354166666667 0.6953125 0.46875 0.6953125 0.48046875 0.7122395833333334 0.4765625 0.72265625 0.46484375 0.72265625 0.46484375 0.7200520833333334 0.4596354166666667 0.7161458333333334 0.4557291666666667 0.7044270833333334 0.4557291666666667 0.7005208333333334 0.4596354166666667 0.6966145833333334
3 0.4973958333333333 0.4752604166666667 0.5091145833333334 0.4752604166666667 0.5143229166666666 0.48046875 0.51171875 0.4856770833333333 0.49609375 0.4856770833333333 0.4947916666666667 0.48046875 0.4973958333333333 0.4765625
3 0.4427083333333333 0.7408854166666666 0.4453125 0.7434895833333334 0.4557291666666667 0.7434895833333334 0.45703125 0.7408854166666666 0.4622395833333333 0.7408854166666666 0.46484375 0.7473958333333334 0.4674479166666667 0.7486979166666666 0.4713541666666667 0.7578125 0.4713541666666667 0.765625 0.4739583333333333 0.7669270833333334 0.4752604166666667 0.7799479166666666 0.4778645833333333 0.7903645833333334 0.48046875 0.7916666666666666 0.48046875 0.796875 0.4934895833333333 0.8151041666666666 0.50390625 0.8372395833333334 0.5026041666666666 0.8424479166666666 0.484375 0.8424479166666666 0.4830729166666667 0.8450520833333334 0.4713541666666667 0.84765625 0.4674479166666667 0.8541666666666666 0.46484375 0.8541666666666666 0.4622395833333333 0.859375 0.4583333333333333 0.8606770833333334 0.4544270833333333 0.8684895833333334 0.4453125 0.875 0.4401041666666667 0.8854166666666666 0.4309895833333333 0.890625 0.4231770833333333 0.8997395833333334 0.4088541666666667 0.8997395833333334 0.4075520833333333 0.8971354166666666 0.40234375 0.8971354166666666 0.4010416666666667 0.8932291666666666 0.3919270833333333 0.8880208333333334 0.3880208333333333 0.8723958333333334 0.3854166666666667 0.87109375 0.3854166666666667 0.8294270833333334 0.3880208333333333 0.828125 0.390625 0.8203125 0.39453125 0.8203125 0.3984375 0.8151041666666666 0.4010416666666667 0.8151041666666666 0.4049479166666667 0.8111979166666666 0.40625 0.8059895833333334 0.4153645833333333 0.796875 0.4192708333333333 0.78125 0.421875 0.7799479166666666 0.42578125 0.7604166666666666 0.4283854166666667 0.7591145833333334 0.4322916666666667 0.7486979166666666 0.4375 0.7434895833333334 0.4427083333333333 0.7421875
3 0.9700520833333334 0.4153645833333333 0.98046875 0.4153645833333333 0.9817708333333334 0.41796875 0.98046875 0.421875 0.97265625 0.421875 0.9700520833333334 0.4166666666666667
3 0.4908854166666667 0.4869791666666667 0.4973958333333333 0.4869791666666667 0.4986979166666667 0.4895833333333333 0.4986979166666667 0.4934895833333333 0.4921875 0.4934895833333333 0.4908854166666667 0.48828125
3 0.4348958333333333 0.6354166666666666 0.44921875 0.6380208333333334 0.453125 0.6432291666666666 0.4557291666666667 0.6432291666666666 0.45703125 0.6484375 0.4609375 0.6497395833333334 0.4635416666666667 0.6575520833333334 0.4622395833333333 0.66796875 0.4583333333333333 0.6692708333333334 0.44921875 0.6822916666666666 0.4388020833333333 0.6875 0.4375 0.69140625 0.4283854166666667 0.69140625 0.4270833333333333 0.6875 0.4244791666666667 0.6875 0.4205729166666667 0.6822916666666666 0.4166666666666667 0.6822916666666666 0.4127604166666667 0.6770833333333334 0.41015625 0.6705729166666666 0.41015625 0.6575520833333334 0.4127604166666667 0.6497395833333334 0.4153645833333333 0.6497395833333334 0.4166666666666667 0.6458333333333334 0.421875 0.6458333333333334 0.42578125 0.640625 0.4296875 0.640625 0.4348958333333333 0.63671875
3 0.4921875 0.4635416666666667 0.5013020833333334 0.4635416666666667 0.5026041666666666 0.4661458333333333 0.5013020833333334 0.4713541666666667 0.4947916666666667 0.4739583333333333 0.4921875 0.4713541666666667 0.4921875 0.46484375
3 0.50390625 0.5377604166666666 0.5091145833333334 0.5377604166666666 0.5143229166666666 0.54296875 0.5143229166666666 0.5455729166666666 0.5091145833333334 0.55078125 0.5065104166666666 0.55078125 0.5052083333333334 0.5481770833333334 0.5 0.5481770833333334 0.5 0.5403645833333334 0.50390625 0.5390625
3 0.4778645833333333 0.5065104166666666 0.4908854166666667 0.5065104166666666 0.49609375 0.51171875 0.4947916666666667 0.51953125 0.4908854166666667 0.51953125 0.4895833333333333 0.5221354166666666 0.4791666666666667 0.5221354166666666 0.4752604166666667 0.5169270833333334 0.4752604166666667 0.5091145833333334 0.4778645833333333 0.5078125
3 0.453125 0.68359375 0.4635416666666667 0.68359375 0.46484375 0.6861979166666666 0.4674479166666667 0.6861979166666666 0.4674479166666667 0.6940104166666666 0.4752604166666667 0.7083333333333334 0.4778645833333333 0.7096354166666666 0.4778645833333333 0.7252604166666666 0.4739583333333333 0.73046875 0.4661458333333333 0.7330729166666666 0.4635416666666667 0.7395833333333334 0.4557291666666667 0.7395833333333334 0.4544270833333333 0.7421875 0.4518229166666667 0.7395833333333334 0.44140625 0.7395833333333334 0.4361979166666667 0.7278645833333334 0.4361979166666667 0.703125 0.4388020833333333 0.6953125 0.44140625 0.6953125 0.4427083333333333 0.6927083333333334 0.4453125 0.6953125 0.4466145833333333 0.6888020833333334 0.453125 0.6848958333333334
3 0.4921875 0.5572916666666666 0.4986979166666667 0.5572916666666666 0.4986979166666667 0.5598958333333334 0.50390625 0.5638020833333334 0.5026041666666666 0.57421875 0.4973958333333333 0.57421875 0.4973958333333333 0.5716145833333334 0.4921875 0.5703125 0.4908854166666667 0.5677083333333334 0.4921875 0.55859375
3 0.4388020833333333 0.7434895833333334 0.4479166666666667 0.7434895833333334 0.453125 0.7486979166666666 0.45703125 0.7486979166666666 0.4583333333333333 0.7434895833333334 0.4635416666666667 0.74609375 0.4635416666666667 0.7513020833333334 0.4674479166666667 0.7526041666666666 0.4700520833333333 0.7578125 0.46875 0.765625 0.4713541666666667 0.76953125 0.4739583333333333 0.76953125 0.4739583333333333 0.7903645833333334 0.48046875 0.7981770833333334 0.4830729166666667 0.8072916666666666 0.48828125 0.80859375 0.48828125 0.8111979166666666 0.4934895833333333 0.8151041666666666 0.49609375 0.8255208333333334 0.5078125 0.8372395833333334 0.5026041666666666 0.84765625 0.49609375 0.84765625 0.4908854166666667 0.8424479166666666 0.484375 0.8424479166666666 0.4830729166666667 0.83984375 0.48046875 0.8424479166666666 0.4765625 0.8424479166666666 0.4752604166666667 0.8450520833333334 0.4713541666666667 0.8450520833333334 0.46875 0.8502604166666666 0.46484375 0.8515625 0.4609375 0.859375 0.4583333333333333 0.859375 0.4557291666666667 0.8645833333333334 0.4518229166666667 0.8658854166666666 0.4505208333333333 0.87109375 0.44140625 0.8802083333333334 0.4401041666666667 0.8854166666666666 0.4375 0.8854166666666666 0.4348958333333333 0.890625 0.4283854166666667 0.8932291666666666 0.4270833333333333 0.8971354166666666 0.4244791666666667 0.8971354166666666 0.4231770833333333 0.8997395833333334 0.41796875 0.8997395833333334 0.4166666666666667 0.90234375 0.4140625 0.8997395833333334 0.40625 0.8997395833333334 0.4049479166666667 0.8971354166666666 0.40234375 0.8971354166666666 0.4010416666666667 0.8932291666666666 0.3932291666666667 0.890625 0.3880208333333333 0.875 0.3854166666666667 0.8736979166666666 0.3841145833333333 0.83203125 0.3880208333333333 0.828125 0.390625 0.8203125 0.39453125 0.8203125 0.3984375 0.8151041666666666 0.4010416666666667 0.8151041666666666 0.4036458333333333 0.80859375 0.41796875 0.7942708333333334 0.42578125 0.7630208333333334 0.4283854166666667 0.76171875 0.4309895833333333 0.7526041666666666 0.43359375 0.7526041666666666 0.4361979166666667 0.74609375 0.4388020833333333 0.7447916666666666
3 0.4440104166666667 0.73828125 0.4635416666666667 0.73828125 0.46484375 0.7421875 0.46875 0.7434895833333334 0.4713541666666667 0.7486979166666666 0.4739583333333333 0.7486979166666666 0.4752604166666667 0.7708333333333334 0.4765625 0.7760416666666666 0.48046875 0.77734375 0.4830729166666667 0.7942708333333334 0.4869791666666667 0.7955729166666666 0.4908854166666667 0.8033854166666666 0.4934895833333333 0.8033854166666666 0.4973958333333333 0.8151041666666666 0.5013020833333334 0.8151041666666666 0.5091145833333334 0.8229166666666666 0.5143229166666666 0.8229166666666666 0.515625 0.8268229166666666 0.5234375 0.8268229166666666 0.5247395833333334 0.8294270833333334 0.52734375 0.8294270833333334 0.5364583333333334 0.8541666666666666 0.54296875 0.86328125 0.5494791666666666 0.8919270833333334 0.5494791666666666 0.91015625 0.546875 0.9166666666666666 0.5442708333333334 0.9166666666666666 0.54296875 0.9192708333333334 0.5377604166666666 0.9166666666666666 0.5364583333333334 0.9192708333333334 0.53515625 0.9166666666666666 0.5260416666666666 0.9166666666666666 0.5247395833333334 0.9140625 0.51953125 0.9140625 0.5182291666666666 0.91015625 0.5104166666666666 0.9075520833333334 0.5091145833333334 0.9049479166666666 0.5052083333333334 0.9049479166666666 0.5013020833333334 0.8997395833333334 0.4986979166666667 0.8997395833333334 0.4947916666666667 0.88671875 0.4895833333333333 0.8828125 0.48828125 0.8776041666666666 0.4817708333333333 0.87109375 0.4778645833333333 0.87109375 0.4778645833333333 0.8658854166666666 0.46875 0.859375 0.4596354166666667 0.8619791666666666 0.4557291666666667 0.87109375 0.44921875 0.875 0.4453125 0.8828125 0.4375 0.890625 0.4309895833333333 0.8932291666666666 0.4296875 0.8971354166666666 0.42578125 0.8971354166666666 0.4205729166666667 0.90234375 0.4114583333333333 0.90234375 0.41015625 0.8997395833333334 0.3984375 0.8971354166666666 0.3984375 0.89453125 0.390625 0.8880208333333334 0.3841145833333333 0.87109375 0.3815104166666667 0.8411458333333334 0.37890625 0.83984375 0.37890625 0.8372395833333334 0.3815104166666667 0.8359375 0.3880208333333333 0.8229166666666666 0.4036458333333333 0.8111979166666666 0.4127604166666667 0.7942708333333334 0.4127604166666667 0.7890625 0.4166666666666667 0.7877604166666666 0.4192708333333333 0.77734375 0.421875 0.7760416666666666 0.4244791666666667 0.7630208333333334 0.4283854166666667 0.7591145833333334 0.4309895833333333 0.7486979166666666 0.43359375 0.7486979166666666 0.4388020833333333 0.7408854166666666 0.4440104166666667 0.7395833333333334
3 0.51171875 0.8294270833333334 0.52734375 0.8294270833333334 0.5364583333333334 0.8541666666666666 0.54296875 0.86328125 0.5494791666666666 0.8893229166666666 0.5494791666666666 0.91015625 0.546875 0.9166666666666666 0.5260416666666666 0.9166666666666666 0.5247395833333334 0.9140625 0.5221354166666666 0.9140625 0.5208333333333334 0.91015625 0.5169270833333334 0.91015625 0.515625 0.9075520833333334 0.51171875 0.9075520833333334 0.5078125 0.90234375 0.5052083333333334 0.90234375 0.5026041666666666 0.89453125 0.4986979166666667 0.8932291666666666 0.4947916666666667 0.8854166666666666 0.4947916666666667 0.8802083333333334 0.4921875 0.87890625 0.48828125 0.8684895833333334 0.48828125 0.8515625 0.4908854166666667 0.8489583333333334 0.4973958333333333 0.8489583333333334 0.4986979166666667 0.8463541666666666 0.5013020833333334 0.8463541666666666 0.5052083333333334 0.8424479166666666 0.5065104166666666 0.8346354166666666 0.5091145833333334 0.8346354166666666 0.51171875 0.8307291666666666
3 0.4596354166666667 0.73828125 0.46484375 0.7434895833333334 0.4674479166666667 0.7434895833333334 0.4713541666666667 0.75390625 0.4739583333333333 0.7552083333333334 0.4739583333333333 0.7760416666666666 0.46875 0.7760416666666666 0.4674479166666667 0.7799479166666666 0.45703125 0.7799479166666666 0.44921875 0.7877604166666666 0.4466145833333333 0.7877604166666666 0.4453125 0.7942708333333334 0.4479166666666667 0.7955729166666666 0.4479166666666667 0.7994791666666666 0.4453125 0.8020833333333334 0.4427083333333333 0.8020833333333334 0.4401041666666667 0.796875 0.42578125 0.7994791666666666 0.421875 0.7877604166666666 0.4244791666666667 0.7604166666666666 0.4283854166666667 0.7565104166666666 0.4322916666666667 0.74609375 0.4348958333333333 0.74609375 0.4388020833333333 0.7408854166666666 0.4596354166666667 0.7395833333333334
3 0.515625 0.4348958333333333 0.5208333333333334 0.4348958333333333 0.5208333333333334 0.4388020833333333 0.515625 0.4388020833333333 0.515625 0.4361979166666667
3 0.4765625 0.578125 0.48828125 0.5807291666666666 0.4934895833333333 0.5859375 0.4934895833333333 0.5963541666666666 0.4869791666666667 0.6028645833333334 0.4869791666666667 0.60546875 0.4661458333333333 0.61328125 0.4557291666666667 0.60546875 0.4518229166666667 0.5963541666666666 0.45703125 0.5859375 0.4622395833333333 0.5859375 0.4635416666666667 0.5833333333333334 0.46875 0.5833333333333334 0.4700520833333333 0.5807291666666666 0.4765625 0.5794270833333334
3 0.4947916666666667 0.44921875 0.5026041666666666 0.44921875 0.50390625 0.4518229166666667 0.50390625 0.45703125 0.4947916666666667 0.45703125 0.4947916666666667 0.4505208333333333
3 0.3932291666666667 0.9088541666666666 0.3984375 0.9114583333333334 0.4049479166666667 0.92578125 0.4049479166666667 0.9309895833333334 0.3958333333333333 0.9479166666666666 0.3932291666666667 0.9479166666666666 0.3880208333333333 0.953125 0.38671875 0.9505208333333334 0.3841145833333333 0.9505208333333334 0.3815104166666667 0.9427083333333334 0.3828125 0.9231770833333334 0.3880208333333333 0.9192708333333334 0.390625 0.9114583333333334 0.3932291666666667 0.91015625
3 0.41015625 0.8059895833333334 0.4205729166666667 0.80859375 0.4348958333333333 0.83203125 0.4361979166666667 0.84765625 0.4375 0.8541666666666666 0.4401041666666667 0.85546875 0.4427083333333333 0.8723958333333334 0.4401041666666667 0.8828125 0.4231770833333333 0.8997395833333334 0.4088541666666667 0.8997395833333334 0.4075520833333333 0.8971354166666666 0.4036458333333333 0.8971354166666666 0.40234375 0.8932291666666666 0.3984375 0.8932291666666666 0.39453125 0.8880208333333334 0.3919270833333333 0.8880208333333334 0.3893229166666667 0.8828125 0.3880208333333333 0.8697916666666666 0.3854166666666667 0.8684895833333334 0.3854166666666667 0.8411458333333334 0.3880208333333333 0.83984375 0.3880208333333333 0.8294270833333334 0.3919270833333333 0.8203125 0.3958333333333333 0.8203125 0.40625 0.8111979166666666 0.40625 0.80859375 0.41015625 0.8072916666666666