4 0.5052083333333334 0.4361979166666667 0.5026041666666666 0.3880208333333333 0.4986979166666667 0.3841145833333333 0.4986979166666667 0.3619791666666667 0.5 0.3541666666666667 0.5052083333333334 0.34765625 0.5052083333333334 0.3333333333333333 0.5078125 0.3307291666666667 0.51171875 0.3333333333333333 0.51171875 0.34765625 0.5169270833333334 0.3580729166666667 0.5182291666666666 0.375 0.5182291666666666 0.390625 0.5143229166666666 0.39453125 0.5130208333333334 0.4010416666666667 0.5130208333333334 0.4192708333333333 0.5091145833333334 0.43359375 0.5065104166666666 0.4348958333333333
3 0.22135416666666666 0.8606770833333334 0.21875 0.8580729166666666 0.21875 0.8528645833333334 0.23177083333333334 0.828125 0.23958333333333334 0.8229166666666666 0.24348958333333334 0.82421875 0.24088541666666666 0.8424479166666666 0.23177083333333334 0.85546875 0.22265625 0.859375
3 0.498046875 0.5423177083333334 0.008463541666666666 0.014322916666666666
3 0.49609375 0.5716145833333334 0.49609375 0.5625 0.5 0.5572916666666666 0.50390625 0.5598958333333334 0.50390625 0.5651041666666666 0.5013020833333334 0.5703125 0.4973958333333333 0.5716145833333334
3 0.4973958333333333 0.60546875 0.4973958333333333 0.6119791666666666 0.4921875 0.62109375 0.48828125 0.62109375 0.4869791666666667 0.61328125 0.49609375 0.60546875
3 0.3658854166666667 0.7760416666666666 0.37109375 0.7799479166666666 0.3736979166666667 0.7903645833333334 0.3736979166666667 0.8020833333333334 0.3697916666666667 0.8138020833333334 0.3606770833333333 0.8229166666666666 0.3580729166666667 0.8229166666666666 0.35546875 0.8190104166666666 0.3567708333333333 0.8072916666666666 0.3619791666666667 0.796875 0.3619791666666667 0.79296875 0.359375 0.7903645833333334 0.35546875 0.79296875 0.35546875 0.7786458333333334 0.3645833333333333 0.77734375
3 0.0859375 0.8763020833333334 0.09635416666666667 0.8723958333333334 0.10026041666666667 0.88671875 0.09895833333333333 0.8932291666666666 0.09114583333333333 0.9010416666666666 0.07421875 0.9036458333333334 0.07291666666666667 0.8997395833333334 0.07552083333333333 0.8919270833333334 0.0859375 0.8776041666666666
3 0.4388020833333333 0.7265625 0.4388020833333333 0.7356770833333334 0.4309895833333333 0.7473958333333334 0.42578125 0.7473958333333334 0.4244791666666667 0.7434895833333334 0.4283854166666667 0.7278645833333334 0.4322916666666667 0.7278645833333334 0.4348958333333333 0.7252604166666666 0.4375 0.7265625
3 0.20963541666666666 0.8509114583333334 0.020182291666666668 0.032552083333333336
3 0.4830729166666667 0.6764322916666666 0.014322916666666666 0.022135416666666668
3 0.4947916666666667 0.5794270833333334 0.4947916666666667 0.59375 0.48828125 0.5911458333333334 0.48828125 0.5846354166666666 0.4934895833333333 0.5794270833333334
3 0.4869791666666667 0.6315104166666666 0.4895833333333333 0.6380208333333334 0.48828125 0.6497395833333334 0.484375 0.6497395833333334 0.48046875 0.64453125 0.48046875 0.63671875 0.4830729166666667 0.6328125 0.4856770833333333 0.6328125
3 0.3450520833333333 0.7864583333333334 0.3450520833333333 0.8151041666666666 0.33984375 0.8177083333333334 0.3346354166666667 0.82421875 0.3307291666666667 0.82421875 0.328125 0.8216145833333334 0.3307291666666667 0.7877604166666666 0.3359375 0.78125 0.33984375 0.78125 0.34375 0.7864583333333334