4 0.6692708333333334 0.09635416666666667 0.6705729166666666 0.10416666666666667 0.6731770833333334 0.10677083333333333 0.6731770833333334 0.11979166666666667 0.6692708333333334 0.13020833333333334 0.66796875 0.14713541666666666 0.6640625 0.14713541666666666 0.6627604166666666 0.12369791666666667 0.6640625 0.10807291666666667 0.66796875 0.09765625
4 0.6783854166666666 0.1015625 0.6822916666666666 0.10286458333333333 0.68359375 0.11588541666666667 0.6809895833333334 0.140625 0.6783854166666666 0.14973958333333334 0.67578125 0.14973958333333334 0.6744791666666666 0.11848958333333333 0.6783854166666666 0.10286458333333333
3 0.36328125 0.8997395833333334 0.37109375 0.8919270833333334 0.3776041666666667 0.8919270833333334 0.3802083333333333 0.8984375 0.3763020833333333 0.9153645833333334 0.3697916666666667 0.92578125 0.36328125 0.9244791666666666 0.359375 0.921875 0.3580729166666667 0.91796875 0.359375 0.9049479166666666 0.36328125 0.9010416666666666
3 0.421875 0.6953125 0.4309895833333333 0.7018229166666666 0.4309895833333333 0.7096354166666666 0.42578125 0.71484375 0.41796875 0.7135416666666666 0.4140625 0.7018229166666666 0.4205729166666667 0.6966145833333334
3 0.4166666666666667 0.8365885416666666 0.018880208333333332 0.02734375
3 0.3854166666666667 0.7408854166666666 0.38671875 0.7486979166666666 0.3763020833333333 0.76171875 0.37109375 0.76171875 0.3671875 0.7565104166666666 0.3671875 0.7526041666666666 0.3736979166666667 0.7434895833333334 0.3841145833333333 0.7408854166666666
3 0.421875 0.6640625 0.4270833333333333 0.6692708333333334 0.42578125 0.6783854166666666 0.4192708333333333 0.6796875 0.4153645833333333 0.6744791666666666 0.4166666666666667 0.66796875 0.4205729166666667 0.6653645833333334
3 0.4140625 0.96484375 0.4231770833333333 0.9661458333333334 0.4283854166666667 0.9778645833333334 0.4231770833333333 0.9934895833333334 0.4166666666666667 0.9986979166666666 0.40625 0.9986979166666666 0.4049479166666667 0.9817708333333334 0.4140625 0.9661458333333334
3 0.3645833333333333 0.7721354166666666 0.37109375 0.7760416666666666 0.37109375 0.79296875 0.3619791666666667 0.80078125 0.35546875 0.80078125 0.3489583333333333 0.796875 0.3489583333333333 0.7864583333333334 0.3515625 0.78125 0.36328125 0.7721354166666666
3 0.4166666666666667 0.7473958333333334 0.4205729166666667 0.7513020833333334 0.421875 0.7591145833333334 0.421875 0.7630208333333334 0.4166666666666667 0.76953125 0.4114583333333333 0.76953125 0.40625 0.76171875 0.40625 0.75390625 0.4153645833333333 0.7473958333333334
3 0.3606770833333333 0.8502604166666666 0.36328125 0.8736979166666666 0.3541666666666667 0.8828125 0.3450520833333333 0.8815104166666666 0.3385416666666667 0.8723958333333334 0.3385416666666667 0.8671875 0.3424479166666667 0.8580729166666666 0.3489583333333333 0.8515625 0.359375 0.8502604166666666
3 0.4049479166666667 0.6184895833333334 0.4075520833333333 0.6197916666666666 0.4075520833333333 0.62890625 0.4049479166666667 0.6341145833333334 0.4010416666666667 0.6354166666666666 0.3919270833333333 0.6328125 0.390625 0.625 0.3971354166666667 0.6184895833333334 0.4036458333333333 0.6184895833333334
3 0.3880208333333333 0.6653645833333334 0.021484375 0.020833333333333332
3 0.3997395833333333 0.6822916666666666 0.4010416666666667 0.6901041666666666 0.390625 0.7005208333333334 0.3828125 0.69921875 0.3828125 0.69140625 0.390625 0.68359375 0.3958333333333333 0.6809895833333334 0.3984375 0.6822916666666666
3 0.4622395833333333 0.5703125 0.4661458333333333 0.5768229166666666 0.4635416666666667 0.5833333333333334 0.4557291666666667 0.5833333333333334 0.4505208333333333 0.5794270833333334 0.4505208333333333 0.5755208333333334 0.453125 0.5729166666666666 0.4583333333333333 0.5690104166666666 0.4609375 0.5703125
3 0.42578125 0.55859375 0.4296875 0.5559895833333334 0.4388020833333333 0.5559895833333334 0.4361979166666667 0.5677083333333334 0.42578125 0.56640625 0.42578125 0.5598958333333334
3 0.3828125 0.7096354166666666 0.3841145833333333 0.7200520833333334 0.3815104166666667 0.7265625 0.3736979166666667 0.73046875 0.3658854166666667 0.7265625 0.3658854166666667 0.7174479166666666 0.3697916666666667 0.7122395833333334 0.3815104166666667 0.7096354166666666
3 0.3567708333333333 0.9654947916666666 0.025390625 0.045572916666666664
3 0.4283854166666667 0.7760416666666666 0.4361979166666667 0.7825520833333334 0.4388020833333333 0.7877604166666666 0.4388020833333333 0.7981770833333334 0.4322916666666667 0.8033854166666666 0.41796875 0.7994791666666666 0.4153645833333333 0.79296875 0.4205729166666667 0.7799479166666666 0.4270833333333333 0.7760416666666666
3 0.4348958333333333 0.6393229166666666 0.4401041666666667 0.6432291666666666 0.4401041666666667 0.6549479166666666 0.4375 0.6575520833333334 0.4322916666666667 0.6575520833333334 0.4244791666666667 0.65234375 0.4244791666666667 0.6471354166666666 0.43359375 0.640625
3 0.44921875 0.5260416666666666 0.4505208333333333 0.53125 0.4466145833333333 0.5377604166666666 0.4401041666666667 0.5377604166666666 0.4361979166666667 0.5325520833333334 0.4401041666666667 0.52734375 0.4479166666666667 0.5260416666666666
3 0.4388020833333333 0.8658854166666666 0.4440104166666667 0.8723958333333334 0.4440104166666667 0.8854166666666666 0.4427083333333333 0.8880208333333334 0.4322916666666667 0.8932291666666666 0.4283854166666667 0.8932291666666666 0.4244791666666667 0.8893229166666666 0.421875 0.8763020833333334 0.4283854166666667 0.86328125 0.4348958333333333 0.86328125 0.4375 0.8658854166666666
3 0.4388020833333333 0.7239583333333334 0.4466145833333333 0.7330729166666666 0.4466145833333333 0.7408854166666666 0.4427083333333333 0.7447916666666666 0.4322916666666667 0.7447916666666666 0.4270833333333333 0.7395833333333334 0.4296875 0.7265625 0.4348958333333333 0.72265625 0.4375 0.7239583333333334
3 0.3684895833333333 0.82421875 0.021484375 0.028645833333333332
3 0.4114583333333333 0.9114583333333334 0.4192708333333333 0.9153645833333334 0.421875 0.9296875 0.4205729166666667 0.9375 0.4140625 0.9453125 0.4075520833333333 0.9453125 0.4049479166666667 0.9427083333333334 0.3984375 0.9283854166666666 0.40234375 0.9166666666666666 0.41015625 0.9114583333333334