4 0.53515625 0.55078125 0.546875 0.5559895833333334 0.5533854166666666 0.5520833333333334 0.5677083333333334 0.5559895833333334 0.5794270833333334 0.5755208333333334 0.6041666666666666 0.5924479166666666 0.6106770833333334 0.6041666666666666 0.61328125 0.6145833333333334 0.6158854166666666 0.6614583333333334 0.64453125 0.69140625 0.6497395833333334 0.703125 0.6588541666666666 0.7083333333333334 0.6627604166666666 0.7200520833333334 0.6627604166666666 0.7395833333333334 0.66015625 0.7447916666666666 0.6549479166666666 0.7434895833333334 0.6510416666666666 0.73046875 0.63671875 0.7161458333333334 0.6315104166666666 0.7239583333333334 0.6302083333333334 0.73046875 0.625 0.73046875 0.6197916666666666 0.7135416666666666 0.59375 0.6953125 0.578125 0.6796875 0.5755208333333334 0.6744791666666666 0.5755208333333334 0.6510416666666666 0.5794270833333334 0.63671875 0.578125 0.62109375 0.57421875 0.6145833333333334 0.5533854166666666 0.6119791666666666 0.5442708333333334 0.62109375 0.5286458333333334 0.62109375 0.5260416666666666 0.6158854166666666 0.5260416666666666 0.59765625 0.51953125 0.5872395833333334 0.51953125 0.5716145833333334 0.5234375 0.5598958333333334 0.5286458333333334 0.5520833333333334 0.5338541666666666 0.55078125
4 0.46875 0.4973958333333333 0.4739583333333333 0.5013020833333334 0.4791666666666667 0.5130208333333334 0.4791666666666667 0.5325520833333334 0.4856770833333333 0.5377604166666666 0.48828125 0.54296875 0.48828125 0.5572916666666666 0.484375 0.5703125 0.48046875 0.57421875 0.4765625 0.57421875 0.4713541666666667 0.5716145833333334 0.4583333333333333 0.5572916666666666 0.4544270833333333 0.5638020833333334 0.4088541666666667 0.6080729166666666 0.4010416666666667 0.62109375 0.38671875 0.63671875 0.3802083333333333 0.6484375 0.3606770833333333 0.6705729166666666 0.3528645833333333 0.6783854166666666 0.3463541666666667 0.67578125 0.34375 0.6770833333333334 0.3424479166666667 0.6822916666666666 0.3359375 0.6901041666666666 0.3346354166666667 0.7122395833333334 0.328125 0.7083333333333334 0.3229166666666667 0.69140625 0.3203125 0.6888020833333334 0.3203125 0.6705729166666666 0.33203125 0.6640625 0.3359375 0.6536458333333334 0.3307291666666667 0.6497395833333334 0.3138020833333333 0.6640625 0.3059895833333333 0.6783854166666666 0.30078125 0.6783854166666666 0.2981770833333333 0.6731770833333334 0.2981770833333333 0.6653645833333334 0.3033854166666667 0.63671875 0.3138020833333333 0.6354166666666666 0.3216145833333333 0.62890625 0.3359375 0.6080729166666666 0.3580729166666667 0.58984375 0.3828125 0.54296875 0.3919270833333333 0.5338541666666666 0.41796875 0.5208333333333334 0.4427083333333333 0.5013020833333334 0.4544270833333333 0.5026041666666666 0.4635416666666667 0.4973958333333333 0.4674479166666667 0.4973958333333333
4 0.17447916666666666 0.28125 0.17708333333333334 0.3033854166666667 0.171875 0.3033854166666667 0.17317708333333334 0.2825520833333333
3 0.78515625 0.7825520833333334 0.7903645833333334 0.7838541666666666 0.80859375 0.8020833333333334 0.8138020833333334 0.8125 0.8138020833333334 0.8177083333333334 0.8072916666666666 0.8203125 0.8046875 0.8190104166666666 0.7877604166666666 0.7994791666666666 0.78515625 0.7942708333333334 0.78515625 0.7838541666666666
3 0.06640625 0.7721354166666666 0.06901041666666667 0.7721354166666666 0.0703125 0.7760416666666666 0.061197916666666664 0.7981770833333334 0.0546875 0.80078125 0.041666666666666664 0.8138020833333334 0.037760416666666664 0.8138020833333334 0.037760416666666664 0.8059895833333334 0.049479166666666664 0.7864583333333334 0.053385416666666664 0.78125 0.06640625 0.7734375
3 0.5703125 0.7408854166666666 0.57421875 0.7408854166666666 0.58203125 0.75 0.5846354166666666 0.7604166666666666 0.6028645833333334 0.7903645833333334 0.6067708333333334 0.8072916666666666 0.6171875 0.8307291666666666 0.6158854166666666 0.8346354166666666 0.6119791666666666 0.8346354166666666 0.5989583333333334 0.8294270833333334 0.5807291666666666 0.7786458333333334 0.5703125 0.7578125 0.5703125 0.7421875
3 0.103515625 0.7766927083333334 0.054036458333333336 0.054036458333333336
3 0.15755208333333334 0.7330729166666666 0.052734375 0.045572916666666664
3 0.23111979166666666 0.7037760416666666 0.07161458333333333 0.047526041666666664
3 0.6647135416666666 0.677734375 0.047526041666666664 0.0703125
3 0.7154947916666666 0.7486979166666666 0.042317708333333336 0.068359375
3 0.6510416666666666 0.81640625 0.029296875 0.07096354166666667
3 0.7545572916666666 0.8626302083333334 0.041015625 0.08658854166666667