3 0.5104166666666666 0.6458333333333334 0.515625 0.6497395833333334 0.52734375 0.65234375 0.52734375 0.65625 0.5221354166666666 0.66015625 0.5182291666666666 0.66015625 0.5130208333333334 0.6536458333333334 0.5052083333333334 0.6536458333333334 0.5 0.6510416666666666 0.5091145833333334 0.6458333333333334
3 0.5143229166666666 0.6354166666666666 0.5182291666666666 0.6380208333333334 0.5182291666666666 0.640625 0.5130208333333334 0.6432291666666666 0.5091145833333334 0.640625 0.5130208333333334 0.6354166666666666
3 0.4986979166666667 0.6640625 0.50390625 0.66796875 0.50390625 0.6731770833333334 0.4869791666666667 0.66796875 0.4908854166666667 0.6640625 0.4973958333333333 0.6640625
3 0.4921875 0.6197916666666666 0.4973958333333333 0.6236979166666666 0.49609375 0.6263020833333334 0.4869791666666667 0.6236979166666666 0.4869791666666667 0.62109375 0.4908854166666667 0.6197916666666666
3 0.515625 0.6119791666666666 0.5260416666666666 0.6158854166666666 0.5260416666666666 0.6197916666666666 0.5221354166666666 0.6197916666666666 0.515625 0.61328125
3 0.4921875 0.6640625 0.50390625 0.66796875 0.5065104166666666 0.671875 0.5052083333333334 0.6783854166666666 0.5 0.6783854166666666 0.4973958333333333 0.6744791666666666 0.4895833333333333 0.671875 0.4869791666666667 0.66796875 0.4908854166666667 0.6653645833333334
3 0.4947916666666667 0.6236979166666666 0.50390625 0.625 0.50390625 0.62890625 0.49609375 0.625
3 0.4075520833333333 0.8919270833333334 0.4153645833333333 0.9049479166666666 0.4153645833333333 0.9283854166666666 0.41015625 0.9388020833333334 0.4114583333333333 0.9739583333333334 0.4140625 0.9778645833333334 0.41015625 0.98046875 0.4127604166666667 0.984375 0.4075520833333333 0.9908854166666666 0.4010416666666667 0.9947916666666666 0.390625 0.99609375 0.3776041666666667 0.9947916666666666 0.3697916666666667 0.9817708333333334 0.3736979166666667 0.9622395833333334 0.37109375 0.9231770833333334 0.3763020833333333 0.9114583333333334 0.3919270833333333 0.8932291666666666 0.3984375 0.890625 0.40625 0.8919270833333334
3 0.4674479166666667 0.7213541666666666 0.4778645833333333 0.7278645833333334 0.4817708333333333 0.734375 0.4830729166666667 0.7526041666666666 0.4778645833333333 0.7565104166666666 0.4661458333333333 0.7565104166666666 0.453125 0.7513020833333334 0.4479166666666667 0.74609375 0.4466145833333333 0.734375 0.4505208333333333 0.7265625 0.4557291666666667 0.72265625 0.4661458333333333 0.7213541666666666
3 0.5065104166666666 0.6341145833333334 0.51171875 0.63671875 0.5104166666666666 0.640625 0.5065104166666666 0.6419270833333334 0.5 0.6419270833333334 0.4908854166666667 0.63671875 0.5052083333333334 0.6341145833333334
3 0.5091145833333334 0.80859375 0.5169270833333334 0.8125 0.5169270833333334 0.8190104166666666 0.5078125 0.8268229166666666 0.5026041666666666 0.828125 0.4947916666666667 0.82421875 0.4947916666666667 0.81640625 0.5 0.8111979166666666 0.5078125 0.8098958333333334
3 0.4895833333333333 0.6197916666666666 0.5026041666666666 0.6223958333333334 0.5091145833333334 0.6263020833333334 0.5052083333333334 0.62890625 0.5 0.62890625 0.4895833333333333 0.625 0.4895833333333333 0.62109375
3 0.5377604166666666 0.7018229166666666 0.54296875 0.7057291666666666 0.5455729166666666 0.7135416666666666 0.5338541666666666 0.7239583333333334 0.5208333333333334 0.7239583333333334 0.5052083333333334 0.7174479166666666 0.5052083333333334 0.7135416666666666 0.515625 0.7005208333333334 0.5364583333333334 0.7018229166666666
3 0.5208333333333334 0.7005208333333334 0.52734375 0.703125 0.5299479166666666 0.70703125 0.5299479166666666 0.7135416666666666 0.5234375 0.7200520833333334 0.5130208333333334 0.7200520833333334 0.5052083333333334 0.7174479166666666 0.5052083333333334 0.7135416666666666 0.5130208333333334 0.703125 0.515625 0.7005208333333334 0.51953125 0.7005208333333334
3 0.4869791666666667 0.6197916666666666 0.4947916666666667 0.6197916666666666 0.49609375 0.6223958333333334 0.4947916666666667 0.625 0.48828125 0.6236979166666666 0.4869791666666667 0.62109375
3 0.4856770833333333 0.7825520833333334 0.4817708333333333 0.7890625 0.4817708333333333 0.80859375 0.4778645833333333 0.81640625 0.4674479166666667 0.8294270833333334 0.45703125 0.8346354166666666 0.44140625 0.8346354166666666 0.4309895833333333 0.8294270833333334 0.4270833333333333 0.8255208333333334 0.4296875 0.8138020833333334 0.4609375 0.7825520833333334 0.484375 0.7825520833333334
3 0.5091145833333334 0.6458333333333334 0.5169270833333334 0.6510416666666666 0.5143229166666666 0.6536458333333334 0.50390625 0.6536458333333334 0.5 0.6510416666666666 0.5078125 0.6458333333333334
3 0.515625 0.6510416666666666 0.5221354166666666 0.6497395833333334 0.52734375 0.65234375 0.52734375 0.65625 0.5221354166666666 0.66015625 0.5169270833333334 0.6588541666666666 0.515625 0.65234375
3 0.5234375 0.5950520833333334 0.5325520833333334 0.59375 0.5377604166666666 0.5963541666666666 0.5364583333333334 0.5989583333333334 0.5234375 0.5963541666666666
4 0.4973958333333333 0.50390625 0.5052083333333334 0.5052083333333334 0.5078125 0.5091145833333334 0.5078125 0.5143229166666666 0.5182291666666666 0.5221354166666666 0.51953125 0.5364583333333334 0.5221354166666666 0.5416666666666666 0.5221354166666666 0.5494791666666666 0.5182291666666666 0.5494791666666666 0.515625 0.546875 0.5091145833333334 0.5572916666666666 0.5169270833333334 0.5755208333333334 0.51953125 0.5885416666666666 0.5143229166666666 0.5885416666666666 0.5130208333333334 0.58203125 0.5052083333333334 0.5729166666666666 0.5026041666666666 0.5807291666666666 0.4973958333333333 0.58203125 0.5 0.5572916666666666 0.4947916666666667 0.5494791666666666 0.48828125 0.55078125 0.48828125 0.5221354166666666 0.4973958333333333 0.515625 0.4934895833333333 0.51171875 0.4947916666666667 0.5065104166666666 0.4973958333333333 0.5052083333333334