1 0.9453125 0.07682291666666667 0.94921875 0.078125 0.9466145833333334 0.08333333333333333 0.93359375 0.08203125 0.9375 0.078125 0.9440104166666666 0.07682291666666667
1 0.625 0.3346354166666667 0.6328125 0.3359375 0.63671875 0.33984375 0.6354166666666666 0.3424479166666667 0.6223958333333334 0.3450520833333333 0.6106770833333334 0.34375 0.6080729166666666 0.3385416666666667 0.6119791666666666 0.3346354166666667 0.6236979166666666 0.3346354166666667
1 0.9166666666666666 0.07942708333333333 0.9192708333333334 0.08072916666666667 0.9166666666666666 0.08463541666666667 0.9088541666666666 0.0859375 0.9049479166666666 0.0859375 0.9036458333333334 0.08333333333333333 0.90625 0.08072916666666667 0.9153645833333334 0.07942708333333333
4 0.59765625 0.5260416666666666 0.60546875 0.5182291666666666 0.609375 0.5182291666666666 0.6106770833333334 0.5221354166666666 0.6171875 0.5260416666666666 0.6171875 0.5299479166666666 0.6041666666666666 0.5299479166666666 0.5989583333333334 0.52734375
4 0.6263020833333334 0.3528645833333333 0.6315104166666666 0.35546875 0.6315104166666666 0.3606770833333333 0.6158854166666666 0.359375 0.6184895833333334 0.3528645833333333 0.625 0.3528645833333333
4 0.53515625 0.5130208333333334 0.5390625 0.5130208333333334 0.546875 0.51953125 0.5364583333333334 0.5208333333333334 0.53515625 0.5143229166666666
4 0.13802083333333334 0.3684895833333333 0.140625 0.3697916666666667 0.140625 0.37890625 0.13411458333333334 0.3763020833333333 0.13671875 0.3697916666666667
4 0.296875 0.3971354166666667 0.3033854166666667 0.4036458333333333 0.3033854166666667 0.4075520833333333 0.296875 0.40625 0.296875 0.3984375
4 0.4947916666666667 0.4713541666666667 0.4986979166666667 0.4713541666666667 0.5 0.4739583333333333 0.4973958333333333 0.5078125 0.4908854166666667 0.5091145833333334 0.4895833333333333 0.5065104166666666 0.4869791666666667 0.4817708333333333 0.48828125 0.4765625 0.4947916666666667 0.47265625
4 0.578125 0.3541666666666667 0.58203125 0.359375 0.5807291666666666 0.36328125 0.5716145833333334 0.3619791666666667 0.5716145833333334 0.3567708333333333 0.5768229166666666 0.3541666666666667
4 0.4596354166666667 0.4986979166666667 0.4713541666666667 0.4973958333333333 0.4778645833333333 0.5 0.4791666666666667 0.5026041666666666 0.4778645833333333 0.5052083333333334 0.46484375 0.5065104166666666 0.4596354166666667 0.50390625 0.4596354166666667 0.5
4 0.515625 0.47265625 0.51953125 0.47265625 0.5221354166666666 0.4765625 0.5247395833333334 0.4921875 0.5234375 0.5143229166666666 0.5208333333333334 0.5143229166666666 0.515625 0.50390625 0.515625 0.4739583333333333
4 0.6223958333333334 0.359375 0.6263020833333334 0.3541666666666667 0.6302083333333334 0.3541666666666667 0.6315104166666666 0.3606770833333333 0.6236979166666666 0.3606770833333333
4 0.5846354166666666 0.3463541666666667 0.5872395833333334 0.3502604166666667 0.5872395833333334 0.3541666666666667 0.5846354166666666 0.35546875 0.5794270833333334 0.3541666666666667 0.5794270833333334 0.3489583333333333 0.5833333333333334 0.3463541666666667
4 0.14453125 0.3684895833333333 0.1484375 0.37109375 0.1484375 0.3776041666666667 0.14583333333333334 0.3802083333333333 0.14192708333333334 0.3776041666666667 0.14322916666666666 0.3697916666666667
4 0.6171875 0.3528645833333333 0.625 0.3541666666666667 0.6236979166666666 0.359375 0.62109375 0.3606770833333333 0.6158854166666666 0.359375 0.6171875 0.3541666666666667
4 0.39453125 0.3385416666666667 0.3971354166666667 0.3333333333333333 0.40625 0.3294270833333333 0.4075520833333333 0.3372395833333333 0.4049479166666667 0.33984375 0.3958333333333333 0.3385416666666667
4 0.5091145833333334 0.4661458333333333 0.5169270833333334 0.48046875 0.5169270833333334 0.48828125 0.5130208333333334 0.5078125 0.5052083333333334 0.5104166666666666 0.5 0.5091145833333334 0.5 0.5052083333333334 0.5026041666666666 0.4830729166666667 0.5078125 0.4739583333333333 0.50390625 0.4661458333333333 0.5078125 0.4661458333333333
4 0.12760416666666666 0.3333333333333333 0.13020833333333334 0.328125 0.13411458333333334 0.328125 0.13541666666666666 0.3333333333333333 0.12890625 0.3333333333333333
4 0.6575520833333334 0.3763020833333333 0.6614583333333334 0.3841145833333333 0.66015625 0.38671875 0.6484375 0.3854166666666667 0.6484375 0.3828125 0.65625 0.3763020833333333
4 0.4075520833333333 0.3294270833333333 0.4075520833333333 0.3359375 0.4036458333333333 0.3359375 0.4036458333333333 0.3307291666666667 0.40625 0.3294270833333333