3 0.5221354166666666 0.6171875 0.5234375 0.6263020833333334 0.53125 0.6341145833333334 0.5299479166666666 0.6380208333333334 0.5234375 0.6393229166666666 0.5208333333333334 0.6354166666666666 0.5208333333333334 0.6184895833333334
3 0.515625 0.66796875 0.5234375 0.671875 0.5260416666666666 0.67578125 0.5234375 0.6848958333333334 0.5208333333333334 0.6875 0.5130208333333334 0.6875 0.5091145833333334 0.6848958333333334 0.5091145833333334 0.6731770833333334 0.51171875 0.6692708333333334 0.5143229166666666 0.6692708333333334
3 0.5052083333333334 0.61328125 0.5104166666666666 0.6158854166666666 0.5143229166666666 0.6223958333333334 0.51171875 0.62890625 0.5130208333333334 0.6380208333333334 0.5091145833333334 0.6380208333333334 0.5052083333333334 0.6341145833333334 0.5052083333333334 0.6145833333333334
3 0.5104166666666666 0.5989583333333334 0.5130208333333334 0.5950520833333334 0.5169270833333334 0.59375 0.5208333333333334 0.5989583333333334 0.5208333333333334 0.6041666666666666 0.515625 0.6067708333333334 0.51171875 0.6002604166666666
3 0.5091145833333334 0.6927083333333334 0.515625 0.703125 0.515625 0.7122395833333334 0.5130208333333334 0.7135416666666666 0.5052083333333334 0.7096354166666666 0.5013020833333334 0.7005208333333334 0.5026041666666666 0.6940104166666666 0.5078125 0.6927083333333334
3 0.5052083333333334 0.75 0.5091145833333334 0.7526041666666666 0.5078125 0.76171875 0.5013020833333334 0.7630208333333334 0.5 0.7604166666666666 0.5 0.75390625 0.50390625 0.7513020833333334
3 0.5026041666666666 0.8255208333333334 0.51171875 0.82421875 0.51953125 0.8372395833333334 0.515625 0.84765625 0.51171875 0.8515625 0.5065104166666666 0.8528645833333334 0.5 0.8385416666666666 0.5 0.8294270833333334 0.5026041666666666 0.8268229166666666
3 0.5208333333333334 0.72265625 0.5260416666666666 0.7278645833333334 0.5260416666666666 0.7369791666666666 0.5208333333333334 0.7395833333333334 0.5130208333333334 0.7395833333333334 0.5104166666666666 0.7369791666666666 0.51171875 0.7239583333333334 0.5143229166666666 0.7213541666666666 0.51953125 0.72265625
3 0.50390625 0.5846354166666666 0.5078125 0.58984375 0.5078125 0.5963541666666666 0.5052083333333334 0.5963541666666666 0.5 0.58984375 0.5 0.5859375 0.5026041666666666 0.5846354166666666
3 0.48828125 0.58203125 0.4947916666666667 0.5807291666666666 0.4986979166666667 0.5859375 0.4986979166666667 0.5885416666666666 0.4934895833333333 0.5885416666666666 0.48828125 0.5833333333333334
3 0.51171875 0.9166666666666666 0.515625 0.921875 0.515625 0.9348958333333334 0.5104166666666666 0.9388020833333334 0.5052083333333334 0.9388020833333334 0.4986979166666667 0.9283854166666666 0.5013020833333334 0.9192708333333334 0.5078125 0.9153645833333334 0.5104166666666666 0.9166666666666666
3 0.51171875 0.9153645833333334 0.51953125 0.9192708333333334 0.5247395833333334 0.9283854166666666 0.5247395833333334 0.9440104166666666 0.5234375 0.94921875 0.51953125 0.9518229166666666 0.5052083333333334 0.9479166666666666 0.5 0.93359375 0.4986979166666667 0.92578125 0.5013020833333334 0.9192708333333334 0.5065104166666666 0.9153645833333334 0.5104166666666666 0.9153645833333334
3 0.5182291666666666 0.8645833333333334 0.5260416666666666 0.87109375 0.52734375 0.8763020833333334 0.52734375 0.89453125 0.5234375 0.8971354166666666 0.5143229166666666 0.8971354166666666 0.5091145833333334 0.8919270833333334 0.5104166666666666 0.8736979166666666 0.5130208333333334 0.8671875 0.5169270833333334 0.8645833333333334
3 0.5052083333333334 0.6067708333333334 0.5091145833333334 0.6080729166666666 0.5143229166666666 0.6158854166666666 0.51171875 0.62109375 0.5052083333333334 0.6197916666666666 0.5052083333333334 0.6080729166666666
3 0.5052083333333334 0.60546875 0.5104166666666666 0.6106770833333334 0.5078125 0.6171875 0.5052083333333334 0.6171875 0.5026041666666666 0.61328125 0.5013020833333334 0.609375 0.50390625 0.6067708333333334
3 0.5013020833333334 0.6458333333333334 0.5078125 0.6471354166666666 0.5078125 0.6510416666666666 0.5052083333333334 0.6536458333333334 0.5 0.6510416666666666 0.5013020833333334 0.6471354166666666
3 0.51171875 0.6692708333333334 0.515625 0.6692708333333334 0.5182291666666666 0.671875 0.5169270833333334 0.6809895833333334 0.51171875 0.6861979166666666 0.5091145833333334 0.68359375 0.5091145833333334 0.6744791666666666 0.51171875 0.6705729166666666
3 0.5013020833333334 0.7526041666666666 0.5078125 0.7526041666666666 0.5104166666666666 0.7630208333333334 0.5169270833333334 0.7682291666666666 0.5143229166666666 0.7734375 0.5026041666666666 0.7760416666666666 0.5 0.76953125 0.5013020833333334 0.75390625
3 0.5091145833333334 0.5846354166666666 0.515625 0.58984375 0.5143229166666666 0.5963541666666666 0.5104166666666666 0.59765625 0.5078125 0.5950520833333334 0.5078125 0.5859375
3 0.5078125 0.69140625 0.51171875 0.6966145833333334 0.51171875 0.7018229166666666 0.5078125 0.7044270833333334 0.50390625 0.7044270833333334 0.5013020833333334 0.7005208333333334 0.5026041666666666 0.6940104166666666 0.5065104166666666 0.69140625
3 0.5247395833333334 0.5963541666666666 0.5299479166666666 0.6028645833333334 0.5260416666666666 0.6067708333333334 0.51953125 0.6067708333333334 0.5169270833333334 0.6028645833333334 0.5169270833333334 0.5989583333333334 0.5234375 0.5963541666666666
3 0.51171875 0.6145833333333334 0.5143229166666666 0.6184895833333334 0.515625 0.640625 0.51171875 0.6393229166666666 0.5065104166666666 0.6328125 0.5052083333333334 0.6197916666666666 0.5104166666666666 0.6158854166666666
3 0.52734375 0.5911458333333334 0.5377604166666666 0.5911458333333334 0.5390625 0.59375 0.5364583333333334 0.6041666666666666 0.5325520833333334 0.60546875 0.5221354166666666 0.60546875 0.5208333333333334 0.6028645833333334 0.51953125 0.59375 0.5260416666666666 0.5911458333333334
3 0.5052083333333334 0.6119791666666666 0.5078125 0.61328125 0.51171875 0.6223958333333334 0.5104166666666666 0.6276041666666666 0.5078125 0.6302083333333334 0.5065104166666666 0.62890625 0.50390625 0.6197916666666666 0.5052083333333334 0.61328125
3 0.5221354166666666 0.671875 0.5260416666666666 0.67578125 0.5221354166666666 0.6861979166666666 0.5169270833333334 0.6848958333333334 0.5169270833333334 0.6770833333333334 0.5208333333333334 0.671875
3 0.5091145833333334 0.6028645833333334 0.5143229166666666 0.6171875 0.5052083333333334 0.6119791666666666 0.5052083333333334 0.60546875 0.5078125 0.6041666666666666
3 0.5182291666666666 0.7864583333333334 0.5299479166666666 0.80078125 0.5299479166666666 0.8059895833333334 0.5260416666666666 0.8138020833333334 0.5130208333333334 0.8151041666666666 0.5091145833333334 0.8111979166666666 0.5104166666666666 0.7955729166666666 0.51171875 0.7916666666666666 0.5169270833333334 0.7877604166666666
3 0.5260416666666666 0.9817708333333334 0.5364583333333334 0.9817708333333334 0.5390625 0.98828125 0.5377604166666666 0.9986979166666666 0.5247395833333334 0.9986979166666666 0.5234375 0.9856770833333334 0.5260416666666666 0.9830729166666666
3 0.5208333333333334 0.62890625 0.5247395833333334 0.6341145833333334 0.5221354166666666 0.6393229166666666 0.515625 0.6393229166666666 0.51171875 0.6341145833333334 0.5143229166666666 0.625 0.51953125 0.62890625
3 0.5143229166666666 0.9739583333333334 0.5208333333333334 0.97265625 0.52734375 0.98046875 0.5364583333333334 0.9817708333333334 0.5377604166666666 0.984375 0.5377604166666666 0.9986979166666666 0.51171875 0.9986979166666666 0.51171875 0.98046875 0.5143229166666666 0.9752604166666666
3 0.5052083333333334 0.6028645833333334 0.5078125 0.6028645833333334 0.5143229166666666 0.6119791666666666 0.5130208333333334 0.6197916666666666 0.5065104166666666 0.6197916666666666 0.5026041666666666 0.61328125 0.5026041666666666 0.6080729166666666 0.5052083333333334 0.6041666666666666
3 0.5104166666666666 0.6119791666666666 0.5169270833333334 0.6158854166666666 0.51953125 0.6302083333333334 0.5130208333333334 0.6328125 0.5104166666666666 0.61328125
3 0.5143229166666666 0.9739583333333334 0.51953125 0.97265625 0.5234375 0.9765625 0.5221354166666666 0.9986979166666666 0.51171875 0.9986979166666666 0.51171875 0.98046875 0.5143229166666666 0.9752604166666666
3 0.5091145833333334 0.5846354166666666 0.5130208333333334 0.5833333333333334 0.5208333333333334 0.5859375 0.5208333333333334 0.5911458333333334 0.5143229166666666 0.5963541666666666 0.5104166666666666 0.5950520833333334 0.5091145833333334 0.5859375
1 0.6080729166666666 0.3802083333333333 0.6692708333333334 0.3893229166666667 0.6744791666666666 0.3971354166666667 0.6783854166666666 0.42578125 0.6888020833333334 0.4322916666666667 0.6927083333333334 0.4440104166666667 0.6927083333333334 0.484375 0.6901041666666666 0.4908854166666667 0.6901041666666666 0.5091145833333334 0.6822916666666666 0.515625 0.6796875 0.5221354166666666 0.671875 0.5221354166666666 0.66796875 0.5260416666666666 0.6614583333333334 0.5403645833333334 0.640625 0.5442708333333334 0.6341145833333334 0.5494791666666666 0.6276041666666666 0.5611979166666666 0.6171875 0.5520833333333334 0.5989583333333334 0.5455729166666666 0.5963541666666666 0.5260416666666666 0.5833333333333334 0.5130208333333334 0.5807291666666666 0.4986979166666667 0.58203125 0.4869791666666667 0.5794270833333334 0.484375 0.58203125 0.4817708333333333 0.5833333333333334 0.4635416666666667 0.5807291666666666 0.4283854166666667 0.57421875 0.4140625 0.5703125 0.41015625 0.5677083333333334 0.4088541666666667 0.5611979166666666 0.4192708333333333 0.5598958333333334 0.4361979166666667 0.5625 0.44921875 0.55859375 0.4635416666666667 0.5598958333333334 0.4752604166666667 0.5559895833333334 0.4778645833333333 0.5572916666666666 0.4856770833333333 0.5533854166666666 0.5052083333333334 0.53515625 0.5065104166666666 0.5247395833333334 0.5143229166666666 0.5221354166666666 0.5221354166666666 0.5078125 0.5234375 0.50390625 0.51953125 0.50390625 0.5091145833333334 0.49609375 0.5013020833333334 0.49609375 0.4856770833333333 0.4895833333333333 0.4778645833333333 0.4895833333333333 0.4635416666666667 0.4921875 0.4596354166666667 0.4947916666666667 0.44140625 0.5 0.4322916666666667 0.5091145833333334 0.4270833333333333 0.5234375 0.4231770833333333 0.5390625 0.4231770833333333 0.5416666666666666 0.4205729166666667 0.546875 0.40234375 0.5533854166666666 0.3958333333333333 0.5533854166666666 0.3932291666666667 0.5638020833333334 0.3854166666666667 0.58203125 0.3802083333333333 0.6067708333333334 0.3802083333333333
4 0.5677083333333334 0.4934895833333333 0.5638020833333334 0.48828125 0.5625 0.4635416666666667 0.5677083333333334 0.4544270833333333 0.5716145833333334 0.4244791666666667 0.57421875 0.4231770833333333 0.578125 0.4296875 0.5807291666666666 0.4427083333333333 0.5807291666666666 0.4583333333333333 0.5768229166666666 0.4635416666666667 0.5755208333333334 0.4869791666666667 0.5729166666666666 0.4921875 0.5690104166666666 0.4921875
4 0.5677083333333334 0.4557291666666667 0.5755208333333334 0.4661458333333333 0.57421875 0.48828125 0.5677083333333334 0.4934895833333333 0.5638020833333334 0.4908854166666667 0.5638020833333334 0.4752604166666667 0.5611979166666666 0.4713541666666667 0.5611979166666666 0.46484375 0.5677083333333334 0.45703125
4 0.5703125 0.4114583333333333 0.5755208333333334 0.4270833333333333 0.578125 0.4283854166666667 0.58203125 0.45703125 0.5794270833333334 0.4817708333333333 0.58203125 0.5533854166666666 0.5807291666666666 0.5625 0.578125 0.5651041666666666 0.5716145833333334 0.5651041666666666 0.56640625 0.5611979166666666 0.5533854166666666 0.55859375 0.55078125 0.5559895833333334 0.5533854166666666 0.5442708333333334 0.5572916666666666 0.4791666666666667 0.5611979166666666 0.4752604166666667 0.5638020833333334 0.484375 0.5703125 0.4921875 0.5755208333333334 0.4869791666666667 0.5755208333333334 0.45703125 0.5729166666666666 0.4466145833333333 0.5768229166666666 0.4440104166666667 0.5768229166666666 0.4309895833333333 0.57421875 0.4283854166666667 0.5729166666666666 0.4296875 0.5729166666666666 0.4401041666666667 0.5703125 0.4427083333333333 0.5690104166666666 0.4557291666666667 0.5638020833333334 0.4596354166666667 0.5611979166666666 0.4505208333333333 0.5611979166666666 0.4348958333333333 0.5638020833333334 0.42578125 0.5625 0.421875 0.5651041666666666 0.4140625 0.5690104166666666 0.4114583333333333
4 0.5677083333333334 0.45703125 0.5677083333333334 0.4479166666666667 0.5716145833333334 0.4401041666666667 0.57421875 0.4231770833333333 0.578125 0.4270833333333333 0.58203125 0.4557291666666667 0.58203125 0.5598958333333334 0.5807291666666666 0.5638020833333334 0.5755208333333334 0.56640625 0.5677083333333334 0.5625 0.5638020833333334 0.5442708333333334 0.5677083333333334 0.5130208333333334 0.56640625 0.4934895833333333 0.5755208333333334 0.4869791666666667 0.5768229166666666 0.4739583333333333 0.57421875 0.4635416666666667 0.5755208333333334 0.45703125 0.5690104166666666 0.45703125
4 0.5494791666666666 0.4817708333333333 0.5494791666666666 0.4283854166666667 0.5546875 0.421875 0.5598958333333334 0.421875 0.5677083333333334 0.41015625 0.5729166666666666 0.4153645833333333 0.5677083333333334 0.44921875 0.5611979166666666 0.4700520833333333 0.5625 0.4856770833333333 0.56640625 0.4947916666666667 0.56640625 0.5260416666666666 0.5638020833333334 0.5390625 0.5651041666666666 0.5598958333333334 0.55078125 0.5572916666666666 0.5559895833333334 0.5013020833333334 0.5559895833333334 0.484375 0.55078125 0.4817708333333333