3 0.4674479166666667 0.5950520833333334 0.4700520833333333 0.5950520833333334 0.4765625 0.6015625 0.4817708333333333 0.6015625 0.484375 0.60546875 0.4817708333333333 0.6223958333333334 0.4778645833333333 0.6315104166666666 0.4713541666666667 0.6380208333333334 0.4661458333333333 0.6380208333333334 0.4609375 0.62890625 0.4609375 0.61328125 0.4674479166666667 0.5963541666666666
3 0.10416666666666667 0.0703125 0.10807291666666667 0.07291666666666667 0.10807291666666667 0.07942708333333333 0.11197916666666667 0.08463541666666667 0.11979166666666667 0.08463541666666667 0.12630208333333334 0.09114583333333333 0.12369791666666667 0.10807291666666667 0.11979166666666667 0.11328125 0.12239583333333333 0.11588541666666667 0.11979166666666667 0.13802083333333334 0.11588541666666667 0.1328125 0.109375 0.13541666666666666 0.10546875 0.1328125 0.1015625 0.12760416666666666 0.10286458333333333 0.12239583333333333 0.10026041666666667 0.11979166666666667 0.10026041666666667 0.11458333333333333 0.09505208333333333 0.10807291666666667 0.08463541666666667 0.10546875 0.078125 0.109375 0.078125 0.10546875 0.08333333333333333 0.09895833333333333 0.08333333333333333 0.08854166666666667 0.08854166666666667 0.07552083333333333 0.09505208333333333 0.06901041666666667 0.10286458333333333 0.0703125
3 0.3763020833333333 0.3151041666666667 0.3919270833333333 0.3294270833333333 0.3958333333333333 0.3372395833333333 0.3971354166666667 0.34765625 0.4075520833333333 0.3645833333333333 0.4075520833333333 0.3697916666666667 0.4036458333333333 0.3697916666666667 0.4010416666666667 0.3723958333333333 0.3893229166666667 0.3671875 0.3736979166666667 0.37890625 0.3697916666666667 0.3763020833333333 0.3684895833333333 0.3671875 0.36328125 0.3619791666666667 0.3580729166666667 0.3463541666666667 0.35546875 0.32421875 0.3658854166666667 0.31640625 0.375 0.31640625
3 0.5494791666666666 0.5416666666666666 0.5520833333333334 0.546875 0.5520833333333334 0.5716145833333334 0.55078125 0.5768229166666666 0.5455729166666666 0.5794270833333334 0.5455729166666666 0.5859375 0.5533854166666666 0.5950520833333334 0.5546875 0.609375 0.5533854166666666 0.6171875 0.5481770833333334 0.625 0.5481770833333334 0.6302083333333334 0.5416666666666666 0.6354166666666666 0.5403645833333334 0.6419270833333334 0.5325520833333334 0.65625 0.5260416666666666 0.66015625 0.5169270833333334 0.6575520833333334 0.515625 0.6536458333333334 0.51171875 0.6510416666666666 0.5130208333333334 0.625 0.5182291666666666 0.6171875 0.51953125 0.6067708333333334 0.5247395833333334 0.60546875 0.5299479166666666 0.5989583333333334 0.53125 0.5859375 0.5390625 0.5807291666666666 0.5364583333333334 0.578125 0.5390625 0.5572916666666666 0.54296875 0.5455729166666666 0.5481770833333334 0.54296875
3 0.09635416666666667 0.0390625 0.10026041666666667 0.044270833333333336 0.10026041666666667 0.052083333333333336 0.09375 0.0625 0.08854166666666667 0.059895833333333336 0.0859375 0.046875 0.09505208333333333 0.0390625
3 0.7213541666666666 0.7578125 0.059895833333333336 0.09375
3 0.166015625 0.14192708333333334 0.025390625 0.047526041666666664
3 0.59765625 0.5403645833333334 0.6067708333333334 0.5403645833333334 0.6067708333333334 0.5494791666666666 0.6041666666666666 0.5520833333333334 0.6015625 0.5520833333333334 0.59765625 0.5416666666666666
3 0.17447916666666666 0.17578125 0.18880208333333334 0.17578125 0.19270833333333334 0.18098958333333334 0.19270833333333334 0.18880208333333334 0.19010416666666666 0.19921875 0.18359375 0.20963541666666666 0.171875 0.21744791666666666 0.16536458333333334 0.21744791666666666 0.15755208333333334 0.2109375 0.15494791666666666 0.1953125 0.16015625 0.18229166666666666 0.16536458333333334 0.17708333333333334 0.17317708333333334 0.17578125
3 0.44921875 0.4986979166666667 0.453125 0.4973958333333333 0.4557291666666667 0.5013020833333334 0.453125 0.515625 0.453125 0.5403645833333334 0.4557291666666667 0.5520833333333334 0.4609375 0.5716145833333334 0.4700520833333333 0.5807291666666666 0.4700520833333333 0.5924479166666666 0.4739583333333333 0.5989583333333334 0.4765625 0.6015625 0.4869791666666667 0.6002604166666666 0.48828125 0.5729166666666666 0.4947916666666667 0.5859375 0.5 0.5807291666666666 0.5091145833333334 0.5807291666666666 0.5169270833333334 0.6041666666666666 0.5234375 0.6067708333333334 0.5221354166666666 0.61328125 0.5182291666666666 0.6171875 0.5182291666666666 0.6263020833333334 0.5234375 0.6302083333333334 0.5416666666666666 0.6302083333333334 0.5403645833333334 0.6393229166666666 0.53125 0.6588541666666666 0.51953125 0.6614583333333334 0.5091145833333334 0.65625 0.4908854166666667 0.6744791666666666 0.4856770833333333 0.6731770833333334 0.48046875 0.66796875 0.4752604166666667 0.640625 0.4661458333333333 0.6380208333333334 0.4622395833333333 0.6315104166666666 0.4622395833333333 0.6015625 0.45703125 0.5950520833333334 0.453125 0.5950520833333334 0.44921875 0.5911458333333334 0.4401041666666667 0.5651041666666666 0.4388020833333333 0.52734375 0.4427083333333333 0.5065104166666666 0.44921875 0.5
3 0.061197916666666664 0.014322916666666666 0.0625 0.029947916666666668 0.05859375 0.03515625 0.053385416666666664 0.03515625 0.049479166666666664 0.022135416666666668 0.052083333333333336 0.016927083333333332 0.059895833333333336 0.014322916666666666
3 0.7864583333333334 0.703125 0.79296875 0.7057291666666666 0.7981770833333334 0.7109375 0.7994791666666666 0.71875 0.8111979166666666 0.7356770833333334 0.8151041666666666 0.75 0.8151041666666666 0.765625 0.8125 0.7721354166666666 0.8111979166666666 0.7890625 0.80078125 0.8111979166666666 0.79296875 0.8203125 0.7890625 0.81640625 0.78515625 0.8059895833333334 0.7721354166666666 0.7942708333333334 0.7708333333333334 0.7890625 0.765625 0.7838541666666666 0.765625 0.76171875 0.7630208333333334 0.7513020833333334 0.7643229166666666 0.7447916666666666 0.76171875 0.73828125 0.7630208333333334 0.7265625 0.7682291666666666 0.7135416666666666 0.7760416666666666 0.7057291666666666 0.78515625 0.703125
3 0 0.6315104166666666 0.00390625 0.63671875 0.005208333333333333 0.6536458333333334 0.005208333333333333 0.6783854166666666 0.0026041666666666665 0.69140625 0 0.69140625 0 0.6328125
3 0.7864583333333334 0.703125 0.79296875 0.7057291666666666 0.7981770833333334 0.7109375 0.8020833333333334 0.72265625 0.8098958333333334 0.7317708333333334 0.8151041666666666 0.7486979166666666 0.8151041666666666 0.765625 0.8111979166666666 0.7903645833333334 0.80078125 0.8111979166666666 0.79296875 0.8190104166666666 0.7877604166666666 0.8072916666666666 0.77734375 0.796875 0.7721354166666666 0.7877604166666666 0.7669270833333334 0.7721354166666666 0.7630208333333334 0.7408854166666666 0.765625 0.71875 0.7760416666666666 0.7057291666666666 0.78515625 0.703125
3 0.48828125 0.5859375 0.5091145833333334 0.5885416666666666 0.5130208333333334 0.6015625 0.5091145833333334 0.6484375 0.5052083333333334 0.6588541666666666 0.49609375 0.671875 0.4908854166666667 0.67578125 0.4830729166666667 0.671875 0.4791666666666667 0.6640625 0.4752604166666667 0.640625 0.4674479166666667 0.6380208333333334 0.4635416666666667 0.6341145833333334 0.4609375 0.6236979166666666 0.4635416666666667 0.6041666666666666 0.46875 0.5924479166666666 0.4700520833333333 0.5911458333333334 0.4778645833333333 0.6015625 0.484375 0.6015625 0.4869791666666667 0.5989583333333334 0.48828125 0.5872395833333334
3 0.12109375 0.08463541666666667 0.12630208333333334 0.08984375 0.12630208333333334 0.09895833333333333 0.12239583333333333 0.109375 0.11979166666666667 0.11067708333333333 0.11328125 0.109375 0.11197916666666667 0.1015625 0.109375 0.09895833333333333 0.109375 0.09244791666666667 0.11197916666666667 0.08854166666666667 0.11588541666666667 0.08463541666666667 0.11979166666666667 0.08463541666666667
3 0.061197916666666664 0.04296875 0.07291666666666667 0.049479166666666664 0.07161458333333333 0.059895833333333336 0.06510416666666667 0.06510416666666667 0.05859375 0.06510416666666667 0.055989583333333336 0.0625 0.0546875 0.055989583333333336 0.059895833333333336 0.044270833333333336
3 0.3802083333333333 0.31640625 0.38671875 0.32421875 0.3932291666666667 0.3385416666666667 0.3932291666666667 0.3515625 0.3854166666666667 0.36328125 0.3697916666666667 0.36328125 0.3619791666666667 0.35546875 0.35546875 0.3359375 0.35546875 0.32421875 0.36328125 0.31640625 0.375 0.3138020833333333 0.37890625 0.31640625
3 0.3255208333333333 0.3020833333333333 0.3333333333333333 0.3098958333333333 0.3385416666666667 0.3346354166666667 0.3372395833333333 0.3411458333333333 0.3268229166666667 0.35546875 0.3177083333333333 0.3619791666666667 0.3111979166666667 0.359375 0.30078125 0.359375 0.296875 0.3541666666666667 0.29296875 0.3450520833333333 0.29296875 0.3203125 0.296875 0.3111979166666667 0.3046875 0.3033854166666667 0.3138020833333333 0.3046875 0.32421875 0.3020833333333333
3 0.5833333333333334 0.609375 0.5859375 0.6158854166666666 0.58203125 0.6158854166666666 0.578125 0.62109375 0.5677083333333334 0.6197916666666666 0.5611979166666666 0.6223958333333334 0.5520833333333334 0.6184895833333334 0.5520833333333334 0.5963541666666666 0.5546875 0.59375 0.5690104166666666 0.5911458333333334 0.5846354166666666 0.5924479166666666 0.5846354166666666 0.5963541666666666 0.5794270833333334 0.60546875 0.58203125 0.609375
3 0.44921875 0.4674479166666667 0.4466145833333333 0.4427083333333333 0.4440104166666667 0.4388020833333333 0.44140625 0.4244791666666667 0.4505208333333333 0.4153645833333333 0.453125 0.4088541666666667 0.45703125 0.4088541666666667 0.4609375 0.421875 0.4596354166666667 0.4270833333333333 0.4635416666666667 0.4283854166666667 0.4596354166666667 0.4296875 0.4596354166666667 0.4348958333333333 0.4622395833333333 0.4388020833333333 0.4596354166666667 0.4661458333333333 0.4557291666666667 0.47265625 0.4505208333333333 0.4674479166666667
3 0.5885416666666666 0.6197916666666666 0.5963541666666666 0.62109375 0.60546875 0.6067708333333334 0.609375 0.6028645833333334 0.61328125 0.6028645833333334 0.6315104166666666 0.62890625 0.6354166666666666 0.6575520833333334 0.6302083333333334 0.6783854166666666 0.6197916666666666 0.6901041666666666 0.59765625 0.6901041666666666 0.5859375 0.6848958333333334 0.578125 0.6770833333333334 0.5703125 0.6432291666666666 0.5716145833333334 0.6328125 0.57421875 0.6276041666666666 0.58203125 0.62109375 0.5872395833333334 0.6197916666666666
3 0.09635416666666667 0.08463541666666667 0.022135416666666668 0.025390625
3 0.5390625 0.6263020833333334 0.5442708333333334 0.6302083333333334 0.5403645833333334 0.6419270833333334 0.5325520833333334 0.6575520833333334 0.5260416666666666 0.6614583333333334 0.5143229166666666 0.6588541666666666 0.5104166666666666 0.65234375 0.5091145833333334 0.6393229166666666 0.51171875 0.6223958333333334 0.5182291666666666 0.61328125 0.5169270833333334 0.6080729166666666 0.5247395833333334 0.6067708333333334 0.52734375 0.6106770833333334 0.52734375 0.625 0.5299479166666666 0.6276041666666666 0.5377604166666666 0.6263020833333334
3 0.3763020833333333 0.3138020833333333 0.3919270833333333 0.3307291666666667 0.3958333333333333 0.3385416666666667 0.3971354166666667 0.3489583333333333 0.4075520833333333 0.3606770833333333 0.4127604166666667 0.3697916666666667 0.4127604166666667 0.3736979166666667 0.4205729166666667 0.3802083333333333 0.4166666666666667 0.390625 0.421875 0.3932291666666667 0.421875 0.4010416666666667 0.4283854166666667 0.4205729166666667 0.421875 0.4427083333333333 0.4166666666666667 0.4440104166666667 0.4075520833333333 0.453125 0.3958333333333333 0.4557291666666667 0.3854166666666667 0.4505208333333333 0.375 0.4401041666666667 0.3697916666666667 0.4205729166666667 0.3723958333333333 0.38671875 0.3671875 0.3736979166666667 0.3671875 0.3684895833333333 0.3619791666666667 0.36328125 0.3580729166666667 0.3372395833333333 0.35546875 0.3333333333333333 0.35546875 0.32421875 0.359375 0.3203125 0.3658854166666667 0.31640625 0.375 0.3151041666666667
3 0.031901041666666664 0.0013020833333333333 0.005859375 0.0026041666666666665
3 0.4505208333333333 0.4895833333333333 0.4557291666666667 0.4947916666666667 0.453125 0.5377604166666666 0.4609375 0.5716145833333334 0.46484375 0.578125 0.4661458333333333 0.59375 0.4622395833333333 0.5963541666666666 0.4596354166666667 0.59375 0.453125 0.5950520833333334 0.4505208333333333 0.5924479166666666 0.44140625 0.5755208333333334 0.4388020833333333 0.5625 0.4388020833333333 0.5221354166666666 0.44140625 0.5065104166666666 0.44921875 0.4908854166666667
3 0.3932291666666667 0.3684895833333333 0.4075520833333333 0.3802083333333333 0.4127604166666667 0.3971354166666667 0.4114583333333333 0.41015625 0.421875 0.4205729166666667 0.421875 0.4322916666666667 0.4192708333333333 0.4388020833333333 0.4049479166666667 0.4544270833333333 0.4010416666666667 0.4557291666666667 0.3919270833333333 0.4544270833333333 0.37890625 0.4453125 0.3736979166666667 0.4348958333333333 0.3697916666666667 0.4140625 0.3776041666666667 0.375 0.38671875 0.3671875 0.3919270833333333 0.3684895833333333
3 0.4700520833333333 0.59765625 0.484375 0.6041666666666666 0.4869791666666667 0.6419270833333334 0.4947916666666667 0.64453125 0.48828125 0.64453125 0.4830729166666667 0.6536458333333334 0.4869791666666667 0.65625 0.48828125 0.6614583333333334 0.4921875 0.66015625 0.4908854166666667 0.6575520833333334 0.5026041666666666 0.6575520833333334 0.4947916666666667 0.671875 0.4921875 0.6744791666666666 0.48828125 0.6744791666666666 0.48046875 0.66796875 0.4765625 0.640625 0.46484375 0.63671875 0.4622395833333333 0.6328125 0.4622395833333333 0.609375 0.4635416666666667 0.6041666666666666 0.46875 0.5989583333333334
3 0.036458333333333336 0.01171875 0.041666666666666664 0.01953125 0.041666666666666664 0.0234375 0.040364583333333336 0.02734375 0.032552083333333336 0.032552083333333336 0.026041666666666668 0.032552083333333336 0.0234375 0.029947916666666668 0.0234375 0.0234375 0.02734375 0.015625 0.03125 0.01171875 0.03515625 0.01171875
3 0.4869791666666667 0.6158854166666666 0.5052083333333334 0.6158854166666666 0.5091145833333334 0.6236979166666666 0.5091145833333334 0.6484375 0.5065104166666666 0.65625 0.49609375 0.671875 0.4934895833333333 0.6744791666666666 0.4895833333333333 0.6744791666666666 0.48046875 0.6666666666666666 0.4765625 0.6510416666666666 0.4791666666666667 0.6341145833333334 0.484375 0.6263020833333334 0.484375 0.62109375 0.4869791666666667 0.6171875
3 0.24088541666666666 0.23046875 0.2565104166666667 0.24609375 0.2604166666666667 0.2513020833333333 0.26171875 0.2578125 0.2526041666666667 0.2734375 0.23958333333333334 0.2838541666666667 0.234375 0.2838541666666667 0.2265625 0.2799479166666667 0.21744791666666666 0.2682291666666667 0.21744791666666666 0.2513020833333333 0.22135416666666666 0.24088541666666666 0.23046875 0.23177083333333334 0.23958333333333334 0.23046875
4 0.5052083333333334 0.375 0.5065104166666666 0.37890625 0.51953125 0.390625 0.5221354166666666 0.4036458333333333 0.5325520833333334 0.42578125 0.5364583333333334 0.4388020833333333 0.5377604166666666 0.4609375 0.5416666666666666 0.4778645833333333 0.5455729166666666 0.53515625 0.5390625 0.5494791666666666 0.53515625 0.578125 0.5286458333333334 0.5833333333333334 0.5286458333333334 0.59375 0.5260416666666666 0.6015625 0.51953125 0.6015625 0.515625 0.5963541666666666 0.5169270833333334 0.578125 0.5143229166666666 0.5755208333333334 0.4895833333333333 0.5677083333333334 0.4856770833333333 0.5677083333333334 0.4830729166666667 0.5703125 0.4856770833333333 0.5807291666666666 0.484375 0.5989583333333334 0.4765625 0.5989583333333334 0.47265625 0.5885416666666666 0.47265625 0.5768229166666666 0.4635416666666667 0.5716145833333334 0.4544270833333333 0.5364583333333334 0.4544270833333333 0.51953125 0.4596354166666667 0.5026041666666666 0.4596354166666667 0.4739583333333333 0.4622395833333333 0.45703125 0.46875 0.42578125 0.4739583333333333 0.4140625 0.47265625 0.3997395833333333 0.4778645833333333 0.3932291666666667 0.484375 0.3919270833333333 0.4921875 0.3828125 0.4947916666666667 0.3815104166666667 0.5013020833333334 0.3854166666666667 0.50390625 0.3763020833333333