3 0.6770833333333334 0.6627604166666666 0.6770833333333334 0.66796875 0.671875 0.6744791666666666 0.6692708333333334 0.6692708333333334 0.671875 0.6640625 0.67578125 0.6627604166666666
3 0.703125 0.5416666666666666 0.70703125 0.5442708333333334 0.7057291666666666 0.55078125 0.7005208333333334 0.55078125 0.7018229166666666 0.54296875
3 0.7057291666666666 0.5703125 0.7057291666666666 0.5794270833333334 0.7005208333333334 0.578125 0.7005208333333334 0.57421875 0.7044270833333334 0.5703125
3 0.5611979166666666 0.8346354166666666 0.021484375 0.045572916666666664
3 0.6614583333333334 0.7174479166666666 0.6575520833333334 0.7161458333333334 0.6549479166666666 0.7122395833333334 0.6588541666666666 0.7005208333333334 0.6640625 0.69921875 0.6653645833333334 0.7018229166666666 0.6666666666666666 0.7109375 0.6627604166666666 0.7161458333333334
3 0.6705729166666666 0.6888020833333334 0.671875 0.6809895833333334 0.6770833333333334 0.6822916666666666 0.67578125 0.6888020833333334 0.671875 0.6888020833333334
3 0.6158854166666666 0.7708333333333334 0.6158854166666666 0.7786458333333334 0.6080729166666666 0.7825520833333334 0.60546875 0.7825520833333334 0.6028645833333334 0.77734375 0.60546875 0.76171875 0.609375 0.7591145833333334 0.6145833333333334 0.7708333333333334
3 0.5390625 0.9244791666666666 0.5403645833333334 0.9114583333333334 0.5494791666666666 0.8971354166666666 0.5533854166666666 0.8971354166666666 0.5546875 0.8997395833333334 0.5546875 0.9088541666666666 0.5494791666666666 0.921875 0.5403645833333334 0.9244791666666666
3 0.6901041666666666 0.6002604166666666 0.6953125 0.6002604166666666 0.6940104166666666 0.6067708333333334 0.6901041666666666 0.60546875 0.6901041666666666 0.6015625
3 0.6484375 0.7174479166666666 0.6484375 0.7278645833333334 0.6510416666666666 0.7356770833333334 0.6471354166666666 0.73828125 0.640625 0.73828125 0.6380208333333334 0.734375 0.6432291666666666 0.7200520833333334 0.6471354166666666 0.7174479166666666
3 0.6263020833333334 0.7395833333333334 0.6276041666666666 0.74609375 0.6315104166666666 0.75 0.6315104166666666 0.7578125 0.6276041666666666 0.76171875 0.6236979166666666 0.76171875 0.6236979166666666 0.7513020833333334 0.6197916666666666 0.74609375 0.62109375 0.7408854166666666 0.625 0.7395833333333334
3 0.5950520833333334 0.7877604166666666 0.5924479166666666 0.7994791666666666 0.5846354166666666 0.8059895833333334 0.5807291666666666 0.8046875 0.58203125 0.7877604166666666 0.59375 0.7877604166666666
3 0.5221354166666666 0.921875 0.52734375 0.92578125 0.5234375 0.9348958333333334 0.5221354166666666 0.9479166666666666 0.515625 0.953125 0.5091145833333334 0.9453125 0.5104166666666666 0.9348958333333334 0.5143229166666666 0.9309895833333334 0.515625 0.92578125 0.5208333333333334 0.9231770833333334
3 0.5677083333333334 0.8541666666666666 0.5768229166666666 0.8697916666666666 0.5755208333333334 0.8802083333333334 0.5677083333333334 0.88671875 0.5572916666666666 0.8854166666666666 0.5520833333333334 0.8802083333333334 0.5520833333333334 0.8658854166666666 0.56640625 0.85546875
3 0.6809895833333334 0.65625 0.6861979166666666 0.6588541666666666 0.6848958333333334 0.6653645833333334 0.6796875 0.6653645833333334 0.6783854166666666 0.6627604166666666 0.6809895833333334 0.6575520833333334
5 0.5045572916666666 0.8587239583333334 0.09049479166666667 0.126953125