3 0.3619791666666667 0.6953125 0.3658854166666667 0.6888020833333334 0.3684895833333333 0.6888020833333334 0.3671875 0.6927083333333334 0.3658854166666667 0.6953125 0.36328125 0.6953125
3 0.26171875 0.7682291666666666 0.26171875 0.7721354166666666 0.2578125 0.7760416666666666 0.2565104166666667 0.7708333333333334 0.2604166666666667 0.7682291666666666
3 0.1875 0.859375 0.19661458333333334 0.8541666666666666 0.19661458333333334 0.859375 0.19270833333333334 0.8671875 0.18489583333333334 0.8697916666666666 0.18489583333333334 0.8645833333333334 0.1875 0.8606770833333334
3 0.4453125 0.6236979166666666 0.4453125 0.6197916666666666 0.44921875 0.6171875 0.453125 0.6197916666666666 0.4466145833333333 0.6236979166666666
3 0.4309895833333333 0.6354166666666666 0.4309895833333333 0.640625 0.4283854166666667 0.6419270833333334 0.4244791666666667 0.6419270833333334 0.4244791666666667 0.6393229166666666 0.4296875 0.6354166666666666
3 0.46484375 0.6015625 0.4596354166666667 0.6119791666666666 0.4557291666666667 0.6106770833333334 0.4557291666666667 0.6067708333333334 0.4635416666666667 0.6015625
3 0.4427083333333333 0.62890625 0.4427083333333333 0.63671875 0.4388020833333333 0.63671875 0.4388020833333333 0.6328125 0.44140625 0.6302083333333334
3 0.21223958333333334 0.8359375 0.21354166666666666 0.8385416666666666 0.203125 0.84765625 0.20182291666666666 0.8385416666666666 0.2109375 0.8359375
3 0.38671875 0.6744791666666666 0.3880208333333333 0.6783854166666666 0.3854166666666667 0.6809895833333334 0.3828125 0.6809895833333334 0.3815104166666667 0.6783854166666666 0.3854166666666667 0.6744791666666666
3 0.3463541666666667 0.703125 0.3489583333333333 0.7057291666666666 0.34765625 0.7096354166666666 0.3424479166666667 0.7096354166666666 0.3424479166666667 0.7057291666666666 0.3450520833333333 0.7044270833333334
3 0.16015625 0.8932291666666666 0.16536458333333334 0.8984375 0.1640625 0.9075520833333334 0.16145833333333334 0.91015625 0.15755208333333334 0.91015625 0.16015625 0.89453125
3 0.328125 0.7109375 0.3346354166666667 0.7096354166666666 0.3346354166666667 0.7135416666666666 0.33203125 0.71484375 0.328125 0.71484375 0.328125 0.7122395833333334
3 0.2890625 0.74609375 0.010416666666666666 0.008463541666666666
3 0.28125 0.7591145833333334 0.28125 0.7552083333333334 0.28515625 0.7513020833333334 0.2864583333333333 0.7565104166666666 0.2825520833333333 0.7591145833333334
3 0.3125 0.7265625 0.3098958333333333 0.7317708333333334 0.3072916666666667 0.7317708333333334 0.3072916666666667 0.7278645833333334 0.3111979166666667 0.7265625
3 0.17708333333333334 0.8763020833333334 0.17708333333333334 0.8802083333333334 0.16536458333333334 0.8919270833333334 0.1640625 0.8828125 0.171875 0.8763020833333334 0.17578125 0.8763020833333334
3 0.3033854166666667 0.7356770833333334 0.3059895833333333 0.7356770833333334 0.3046875 0.7421875 0.30078125 0.7408854166666666 0.3033854166666667 0.7369791666666666
3 0.484375 0.57421875 0.4856770833333333 0.5768229166666666 0.48046875 0.58203125 0.4778645833333333 0.5807291666666666 0.4778645833333333 0.578125 0.4830729166666667 0.5755208333333334
3 0.2688802083333333 0.76171875 0.009765625 0.008463541666666666
3 0.12630208333333334 0.94921875 0.12630208333333334 0.9674479166666666 0.12239583333333333 0.97265625 0.11848958333333333 0.9713541666666666 0.11979166666666667 0.9609375 0.12630208333333334 0.9505208333333334
3 0.3684895833333333 0.6861979166666666 0.37109375 0.6809895833333334 0.375 0.6822916666666666 0.3697916666666667 0.6861979166666666
3 0.4713541666666667 0.59375 0.4713541666666667 0.5872395833333334 0.4765625 0.5833333333333334 0.4791666666666667 0.5846354166666666 0.4778645833333333 0.5911458333333334 0.4739583333333333 0.5950520833333334 0.47265625 0.59375
3 0.2421875 0.78515625 0.24609375 0.7864583333333334 0.24609375 0.7890625 0.2421875 0.7916666666666666 0.2421875 0.7864583333333334
3 0.20833333333333334 0.8411458333333334 0.20703125 0.8372395833333334 0.20963541666666666 0.8346354166666666 0.21354166666666666 0.8346354166666666 0.21354166666666666 0.83984375 0.20963541666666666 0.8411458333333334
3 0.34765625 0.69921875 0.3515625 0.6953125 0.35546875 0.6953125 0.3528645833333333 0.7005208333333334 0.3489583333333333 0.7005208333333334
3 0.3229166666666667 0.7200520833333334 0.328125 0.7200520833333334 0.3268229166666667 0.7239583333333334 0.3216145833333333 0.7265625 0.3203125 0.7239583333333334 0.3229166666666667 0.7213541666666666
3 0.4075520833333333 0.6575520833333334 0.40625 0.6640625 0.4010416666666667 0.6640625 0.4010416666666667 0.6614583333333334 0.40625 0.6575520833333334
3 0.140625 0.9453125 0.14322916666666666 0.9466145833333334 0.14453125 0.9518229166666666 0.13802083333333334 0.9583333333333334 0.1328125 0.9596354166666666 0.13151041666666666 0.9518229166666666 0.1328125 0.94921875 0.13932291666666666 0.9466145833333334
3 0.11979166666666667 0.9765625 0.11979166666666667 0.9895833333333334 0.11588541666666667 0.9934895833333334 0.11328125 0.9908854166666666 0.11458333333333333 0.98046875 0.11848958333333333 0.9778645833333334
3 0.4602864583333333 0.6139322916666666 0.007161458333333333 0.009114583333333334
3 0.3880208333333333 0.66796875 0.39453125 0.6640625 0.39453125 0.66796875 0.3893229166666667 0.6692708333333334
3 0.421875 0.64453125 0.42578125 0.6432291666666666 0.4231770833333333 0.6510416666666666 0.4192708333333333 0.6497395833333334 0.421875 0.6458333333333334
3 0.16145833333333334 0.8984375 0.16536458333333334 0.9010416666666666 0.16145833333333334 0.921875 0.15755208333333334 0.9244791666666666 0.15364583333333334 0.9192708333333334 0.16015625 0.8997395833333334
3 0.4791666666666667 0.5833333333333334 0.4817708333333333 0.5846354166666666 0.4817708333333333 0.5872395833333334 0.4713541666666667 0.5989583333333334 0.4700520833333333 0.5911458333333334 0.47265625 0.5859375 0.4778645833333333 0.5833333333333334
3 0.14453125 0.93359375 0.1484375 0.9322916666666666 0.15104166666666666 0.9348958333333334 0.15104166666666666 0.9401041666666666 0.14713541666666666 0.9453125 0.14322916666666666 0.9427083333333334 0.14453125 0.9348958333333334
4 0.5052083333333334 0.5364583333333334 0.52734375 0.5364583333333334 0.52734375 0.5611979166666666 0.5052083333333334 0.5611979166666666 0.5052083333333334 0.5377604166666666