3 0.3899739583333333 0.9765625 0.028645833333333332 0.046875
3 0.4186197916666667 0.8990885416666666 0.018880208333333332 0.06510416666666667
3 0.4225260416666667 0.8131510416666666 0.026692708333333332 0.049479166666666664
3 0.44921875 0.75 0.014322916666666666 0.052734375
3 0.4596354166666667 0.6809895833333334 0.022135416666666668 0.043619791666666664
3 0.4759114583333333 0.6341145833333334 0.013020833333333334 0.043619791666666664
3 0.4791666666666667 0.5846354166666666 0.015625 0.033203125
3 0.4973958333333333 0.5553385416666666 0.012369791666666666 0.03515625
3 0.5045572916666666 0.5169270833333334 0.013671875 0.026692708333333332
3 0.525390625 0.498046875 0.013020833333333334 0.0234375
3 0.5397135416666666 0.4694010416666667 0.013020833333333334 0.022135416666666668
3 0.5625 0.4518229166666667 0.013020833333333334 0.016927083333333332
3 0.5807291666666666 0.412109375 0.010416666666666666 0.038411458333333336
3 0.59375 0.3743489583333333 0.0078125 0.038411458333333336
3 0.6080729166666666 0.3509114583333333 0.009765625 0.048828125
3 0.6204427083333334 0.318359375 0.011067708333333334 0.037760416666666664
3 0.6328125 0.2936197916666667 0.01171875 0.03515625
3 0.6380208333333334 0.24674479166666666 0.0078125 0.027994791666666668