3 0.46875 0.3098958333333333 0.4739583333333333 0.3151041666666667 0.4752604166666667 0.3229166666666667 0.48046875 0.3307291666666667 0.48046875 0.3333333333333333 0.4765625 0.3333333333333333 0.4739583333333333 0.3307291666666667 0.46875 0.3111979166666667
3 0.4609375 0.2916666666666667 0.4700520833333333 0.30078125 0.4700520833333333 0.3098958333333333 0.4583333333333333 0.296875 0.45703125 0.29296875 0.4596354166666667 0.2916666666666667
3 0.48828125 0.3567708333333333 0.4947916666666667 0.359375 0.4947916666666667 0.3671875 0.48828125 0.3671875 0.4869791666666667 0.3580729166666667
3 0.4778645833333333 0.3138020833333333 0.4856770833333333 0.3255208333333333 0.4856770833333333 0.3346354166666667 0.484375 0.3359375 0.4830729166666667 0.3307291666666667 0.4791666666666667 0.328125 0.4765625 0.3151041666666667
3 0.4908854166666667 0.5052083333333334 0.48828125 0.5 0.4921875 0.49609375 0.5013020833333334 0.49609375 0.5052083333333334 0.5 0.5065104166666666 0.5091145833333334 0.50390625 0.51171875 0.5065104166666666 0.515625 0.5013020833333334 0.5169270833333334 0.4973958333333333 0.515625 0.4986979166666667 0.5091145833333334 0.4921875 0.5052083333333334
3 0.4830729166666667 0.3372395833333333 0.48828125 0.34765625 0.48828125 0.3528645833333333 0.4856770833333333 0.35546875 0.48046875 0.3528645833333333 0.4830729166666667 0.3489583333333333 0.4752604166666667 0.3424479166666667 0.4778645833333333 0.3372395833333333 0.4817708333333333 0.3372395833333333
3 0.4700520833333333 0.3125 0.48046875 0.3307291666666667 0.48046875 0.3333333333333333 0.4739583333333333 0.3385416666666667 0.4739583333333333 0.33203125 0.46875 0.3177083333333333 0.4700520833333333 0.3138020833333333
3 0.5 0.40234375 0.5052083333333334 0.4036458333333333 0.5052083333333334 0.40625 0.5026041666666666 0.4075520833333333 0.5 0.4075520833333333 0.5 0.4036458333333333
3 0.5260416666666666 0.6796875 0.5325520833333334 0.6927083333333334 0.5325520833333334 0.6979166666666666 0.52734375 0.7005208333333334 0.5182291666666666 0.7005208333333334 0.51171875 0.6953125 0.5130208333333334 0.6861979166666666 0.5182291666666666 0.6809895833333334 0.5247395833333334 0.6796875
3 0.5182291666666666 0.5625 0.5221354166666666 0.56640625 0.5221354166666666 0.5716145833333334 0.5208333333333334 0.57421875 0.5143229166666666 0.5768229166666666 0.5078125 0.57421875 0.5052083333333334 0.5638020833333334 0.5091145833333334 0.5611979166666666 0.5169270833333334 0.5625
3 0.4700520833333333 0.2994791666666667 0.4752604166666667 0.3072916666666667 0.4739583333333333 0.3216145833333333 0.4713541666666667 0.3203125 0.4674479166666667 0.3098958333333333 0.4661458333333333 0.30078125 0.46875 0.2994791666666667
3 0.4817708333333333 0.3763020833333333 0.4856770833333333 0.3763020833333333 0.4908854166666667 0.3802083333333333 0.48828125 0.3828125 0.484375 0.3828125 0.48046875 0.3802083333333333 0.4817708333333333 0.3776041666666667
3 0.5091145833333334 0.484375 0.5104166666666666 0.4908854166666667 0.5091145833333334 0.4934895833333333 0.50390625 0.4947916666666667 0.5091145833333334 0.5013020833333334 0.5 0.5052083333333334 0.4947916666666667 0.5052083333333334 0.4895833333333333 0.5013020833333334 0.49609375 0.4921875 0.4947916666666667 0.4869791666666667 0.4986979166666667 0.484375 0.5078125 0.484375
3 0.4947916666666667 0.37890625 0.4986979166666667 0.37890625 0.5 0.3815104166666667 0.4986979166666667 0.3880208333333333 0.4947916666666667 0.390625 0.4921875 0.3880208333333333 0.4947916666666667 0.3802083333333333
3 0.4986979166666667 0.3932291666666667 0.4986979166666667 0.4010416666666667 0.48828125 0.4010416666666667 0.4973958333333333 0.3932291666666667
3 0.4791666666666667 0.3294270833333333 0.484375 0.3359375 0.484375 0.33984375 0.4817708333333333 0.3411458333333333 0.4739583333333333 0.33984375 0.4765625 0.3346354166666667 0.4752604166666667 0.3307291666666667 0.4778645833333333 0.3294270833333333
3 0.5026041666666666 0.515625 0.5052083333333334 0.5078125 0.5091145833333334 0.5078125 0.5130208333333334 0.51171875 0.5104166666666666 0.515625 0.50390625 0.515625
3 0.4557291666666667 0.2864583333333333 0.4609375 0.2864583333333333 0.46875 0.29296875 0.4739583333333333 0.3033854166666667 0.4739583333333333 0.3072916666666667 0.4713541666666667 0.30859375 0.4596354166666667 0.2955729166666667 0.45703125 0.2877604166666667
3 0.484375 0.34765625 0.4895833333333333 0.3515625 0.4869791666666667 0.3567708333333333 0.48046875 0.35546875 0.48046875 0.3515625 0.4830729166666667 0.3489583333333333
3 0.5638020833333334 0.7747395833333334 0.5677083333333334 0.7734375 0.5729166666666666 0.7760416666666666 0.5768229166666666 0.7799479166666666 0.578125 0.7864583333333334 0.5755208333333334 0.80078125 0.5651041666666666 0.80078125 0.5611979166666666 0.796875 0.5611979166666666 0.78125 0.5638020833333334 0.7760416666666666
3 0.48828125 0.359375 0.4934895833333333 0.3606770833333333 0.49609375 0.3645833333333333 0.4947916666666667 0.3736979166666667 0.48828125 0.3671875 0.48828125 0.3606770833333333
3 0.4622395833333333 0.2890625 0.4700520833333333 0.2942708333333333 0.4765625 0.3046875 0.4752604166666667 0.3125 0.4713541666666667 0.3138020833333333 0.4635416666666667 0.2981770833333333 0.4622395833333333 0.2903645833333333
3 0.515625 0.6145833333333334 0.51953125 0.6171875 0.5208333333333334 0.62109375 0.5143229166666666 0.6315104166666666 0.5091145833333334 0.6315104166666666 0.5052083333333334 0.6236979166666666 0.5065104166666666 0.6197916666666666 0.5143229166666666 0.6145833333333334
3 0.46875 0.30859375 0.4739583333333333 0.3151041666666667 0.4739583333333333 0.3203125 0.4778645833333333 0.328125 0.4778645833333333 0.33203125 0.4739583333333333 0.3307291666666667 0.4700520833333333 0.3216145833333333 0.46875 0.3098958333333333
3 0.609375 0.9166666666666666 0.6184895833333334 0.9244791666666666 0.62109375 0.9388020833333334 0.6171875 0.9466145833333334 0.6067708333333334 0.95703125 0.6015625 0.9557291666666666 0.5885416666666666 0.9427083333333334 0.5859375 0.9309895833333334 0.58984375 0.921875 0.5963541666666666 0.9140625 0.6028645833333334 0.9114583333333334 0.6080729166666666 0.9166666666666666
3 0.4453125 0.2864583333333333 0.4596354166666667 0.2864583333333333 0.4661458333333333 0.2955729166666667 0.4635416666666667 0.30078125 0.4466145833333333 0.2877604166666667
3 0.49609375 0.5247395833333334 0.016927083333333332 0.012369791666666666
3 0.48046875 0.3255208333333333 0.4856770833333333 0.3333333333333333 0.484375 0.3385416666666667 0.4791666666666667 0.3346354166666667 0.4765625 0.328125 0.4791666666666667 0.3255208333333333
3 0.46875 0.3059895833333333 0.4739583333333333 0.3072916666666667 0.4778645833333333 0.3177083333333333 0.4778645833333333 0.328125 0.4739583333333333 0.3268229166666667 0.4700520833333333 0.3177083333333333 0.46875 0.3072916666666667
3 0.48046875 0.3229166666666667 0.4856770833333333 0.3294270833333333 0.4908854166666667 0.3502604166666667 0.48828125 0.3489583333333333 0.4830729166666667 0.33984375 0.4830729166666667 0.3359375 0.4765625 0.328125 0.4765625 0.32421875 0.4791666666666667 0.3229166666666667
3 0.5013020833333334 0.4466145833333333 0.5065104166666666 0.4479166666666667 0.5052083333333334 0.453125 0.5013020833333334 0.453125 0.5013020833333334 0.4479166666666667
3 0.4869791666666667 0.4622395833333333 0.48828125 0.45703125 0.4973958333333333 0.453125 0.5013020833333334 0.4583333333333333 0.5013020833333334 0.4622395833333333 0.4986979166666667 0.46484375 0.48828125 0.4622395833333333
3 0.4908854166666667 0.3802083333333333 0.4947916666666667 0.390625 0.48828125 0.3919270833333333 0.4869791666666667 0.3854166666666667 0.4895833333333333 0.3815104166666667
3 0.4791666666666667 0.328125 0.484375 0.328125 0.4869791666666667 0.3333333333333333 0.4921875 0.3502604166666667 0.4921875 0.3528645833333333 0.48828125 0.3541666666666667 0.484375 0.34765625 0.4830729166666667 0.3346354166666667 0.48046875 0.3294270833333333
3 0.4583333333333333 0.2864583333333333 0.4700520833333333 0.2955729166666667 0.47265625 0.3033854166666667 0.4700520833333333 0.3072916666666667 0.4635416666666667 0.30078125 0.4583333333333333 0.29296875 0.4583333333333333 0.2877604166666667
3 0.45703125 0.2864583333333333 0.4635416666666667 0.2890625 0.4700520833333333 0.2955729166666667 0.47265625 0.3033854166666667 0.47265625 0.3072916666666667 0.4700520833333333 0.30859375 0.45703125 0.2942708333333333 0.45703125 0.2877604166666667
3 0.4947916666666667 0.3619791666666667 0.4973958333333333 0.3645833333333333 0.4973958333333333 0.3684895833333333 0.4947916666666667 0.37109375 0.4895833333333333 0.3671875 0.4895833333333333 0.3645833333333333 0.4934895833333333 0.3619791666666667
3 0.4583333333333333 0.2864583333333333 0.4713541666666667 0.296875 0.47265625 0.3072916666666667 0.4700520833333333 0.3072916666666667 0.4609375 0.296875 0.4596354166666667 0.2877604166666667
3 0.53125 0.6549479166666666 0.5364583333333334 0.6614583333333334 0.53515625 0.6692708333333334 0.5299479166666666 0.6744791666666666 0.5208333333333334 0.6731770833333334 0.515625 0.6666666666666666 0.5182291666666666 0.6588541666666666 0.5299479166666666 0.6549479166666666
3 0.4973958333333333 0.5052083333333334 0.5013020833333334 0.50390625 0.5091145833333334 0.5078125 0.51171875 0.5104166666666666 0.5104166666666666 0.515625 0.50390625 0.5169270833333334 0.5 0.5143229166666666 0.4986979166666667 0.5065104166666666
3 0.48828125 0.3658854166666667 0.4908854166666667 0.3671875 0.4908854166666667 0.37109375 0.48046875 0.37109375 0.48046875 0.3684895833333333 0.4869791666666667 0.3671875
3 0.5520833333333334 0.7083333333333334 0.5546875 0.7200520833333334 0.5520833333333334 0.7265625 0.5494791666666666 0.7278645833333334 0.54296875 0.7278645833333334 0.5390625 0.71875 0.5455729166666666 0.70703125 0.55078125 0.7083333333333334
3 0.48828125 0.39453125 0.4947916666666667 0.3958333333333333 0.4947916666666667 0.40625 0.4908854166666667 0.4088541666666667 0.4934895833333333 0.4140625 0.4921875 0.4153645833333333 0.4869791666666667 0.4153645833333333 0.4856770833333333 0.4127604166666667 0.48828125 0.4075520833333333 0.48828125 0.3958333333333333
3 0.4986979166666667 0.4947916666666667 0.5026041666666666 0.49609375 0.5052083333333334 0.5026041666666666 0.5026041666666666 0.5052083333333334 0.4908854166666667 0.50390625 0.4895833333333333 0.4986979166666667 0.4973958333333333 0.49609375
3 0.4765625 0.328125 0.4817708333333333 0.3268229166666667 0.48828125 0.3385416666666667 0.4908854166666667 0.3515625 0.4869791666666667 0.35546875 0.484375 0.3528645833333333 0.4830729166666667 0.3372395833333333 0.4778645833333333 0.3294270833333333
3 0.4921875 0.4322916666666667 0.4947916666666667 0.4322916666666667 0.4947916666666667 0.4401041666666667 0.4986979166666667 0.44921875 0.4947916666666667 0.453125 0.48828125 0.4505208333333333 0.4895833333333333 0.4466145833333333 0.4869791666666667 0.44140625 0.48828125 0.4388020833333333 0.4921875 0.4388020833333333 0.4921875 0.43359375
3 0.5104166666666666 0.5794270833333334 0.515625 0.5846354166666666 0.515625 0.58984375 0.5130208333333334 0.5924479166666666 0.50390625 0.5924479166666666 0.4986979166666667 0.58984375 0.4986979166666667 0.5846354166666666 0.5091145833333334 0.5794270833333334
3 0.4739583333333333 0.32421875 0.4817708333333333 0.3307291666666667 0.484375 0.3372395833333333 0.4817708333333333 0.3411458333333333 0.4739583333333333 0.3411458333333333 0.4739583333333333 0.3255208333333333
3 0.47265625 0.3020833333333333 0.4765625 0.3046875 0.4830729166666667 0.3190104166666667 0.4830729166666667 0.32421875 0.4752604166666667 0.3203125 0.4752604166666667 0.31640625 0.4713541666666667 0.3111979166666667 0.47265625 0.3033854166666667
3 0.5143229166666666 0.6354166666666666 0.5182291666666666 0.6432291666666666 0.5182291666666666 0.6471354166666666 0.5143229166666666 0.6510416666666666 0.50390625 0.6510416666666666 0.4973958333333333 0.6458333333333334 0.4973958333333333 0.640625 0.5 0.63671875 0.5052083333333334 0.6341145833333334 0.5130208333333334 0.6354166666666666
3 0.5013020833333334 0.3932291666666667 0.005859375 0.005859375
3 0.484375 0.3372395833333333 0.4895833333333333 0.3450520833333333 0.4869791666666667 0.3567708333333333 0.4830729166666667 0.35546875 0.4830729166666667 0.34765625 0.48046875 0.3450520833333333 0.4830729166666667 0.3385416666666667
3 0.4713541666666667 0.3072916666666667 0.4739583333333333 0.3072916666666667 0.4791666666666667 0.3138020833333333 0.4856770833333333 0.33203125 0.484375 0.3359375 0.4830729166666667 0.33203125 0.4752604166666667 0.3268229166666667 0.47265625 0.3216145833333333 0.4713541666666667 0.30859375
3 0.484375 0.3372395833333333 0.4908854166666667 0.34765625 0.48828125 0.3580729166666667 0.484375 0.3580729166666667 0.4817708333333333 0.3541666666666667 0.4830729166666667 0.34765625 0.48046875 0.3450520833333333 0.4830729166666667 0.3385416666666667
3 0.484375 0.3333333333333333 0.4895833333333333 0.3424479166666667 0.4908854166666667 0.3489583333333333 0.48828125 0.3528645833333333 0.484375 0.35546875 0.484375 0.3489583333333333 0.4817708333333333 0.3450520833333333 0.4830729166666667 0.3346354166666667
3 0.4739583333333333 0.30859375 0.484375 0.32421875 0.4856770833333333 0.3359375 0.484375 0.3372395833333333 0.4830729166666667 0.3333333333333333 0.4739583333333333 0.32421875 0.47265625 0.3098958333333333
3 0.5338541666666666 0.7447916666666666 0.54296875 0.73828125 0.546875 0.73828125 0.5572916666666666 0.75 0.5546875 0.7591145833333334 0.5494791666666666 0.7630208333333334 0.54296875 0.7643229166666666 0.53515625 0.76171875 0.53125 0.7565104166666666 0.53125 0.7486979166666666 0.5338541666666666 0.74609375
3 0.4947916666666667 0.37890625 0.48828125 0.37109375 0.48828125 0.3658854166666667 0.4908854166666667 0.36328125 0.4947916666666667 0.36328125 0.4973958333333333 0.37109375 0.49609375 0.3776041666666667
3 0.4908854166666667 0.3763020833333333 0.4947916666666667 0.38671875 0.4908854166666667 0.3893229166666667 0.4869791666666667 0.3841145833333333 0.4869791666666667 0.3776041666666667 0.4895833333333333 0.3763020833333333
3 0.4947916666666667 0.39453125 0.4947916666666667 0.4049479166666667 0.4973958333333333 0.4088541666666667 0.4947916666666667 0.4075520833333333 0.4921875 0.4114583333333333 0.4973958333333333 0.4140625 0.4869791666666667 0.4140625 0.48828125 0.3958333333333333 0.4934895833333333 0.3958333333333333
3 0.4713541666666667 0.3177083333333333 0.4739583333333333 0.3177083333333333 0.4739583333333333 0.3216145833333333 0.4817708333333333 0.328125 0.4856770833333333 0.3372395833333333 0.484375 0.33984375 0.4752604166666667 0.3385416666666667 0.4713541666666667 0.3190104166666667
3 0.4973958333333333 0.4075520833333333 0.4973958333333333 0.4153645833333333 0.4869791666666667 0.4153645833333333 0.48828125 0.41015625 0.49609375 0.4075520833333333
3 0.5078125 0.5481770833333334 0.51171875 0.5533854166666666 0.5104166666666666 0.55859375 0.5078125 0.5598958333333334 0.49609375 0.55859375 0.4934895833333333 0.5559895833333334 0.4947916666666667 0.5494791666666666 0.50390625 0.546875 0.5065104166666666 0.5481770833333334
3 0.48046875 0.3671875 0.48828125 0.3671875 0.4908854166666667 0.3697916666666667 0.4934895833333333 0.3736979166666667 0.4908854166666667 0.3841145833333333 0.4947916666666667 0.38671875 0.4934895833333333 0.3919270833333333 0.48828125 0.3919270833333333 0.48828125 0.3828125 0.4817708333333333 0.3763020833333333 0.48046875 0.3684895833333333
3 0.484375 0.3359375 0.4895833333333333 0.34375 0.4895833333333333 0.3515625 0.4869791666666667 0.35546875 0.484375 0.35546875 0.4830729166666667 0.34765625 0.48046875 0.3450520833333333 0.4830729166666667 0.3372395833333333
3 0.4544270833333333 0.28515625 0.4596354166666667 0.2864583333333333 0.4661458333333333 0.29296875 0.4661458333333333 0.2994791666666667 0.44921875 0.2903645833333333 0.4479166666666667 0.2864583333333333 0.453125 0.28515625
3 0.48046875 0.3151041666666667 0.4856770833333333 0.3268229166666667 0.4869791666666667 0.33984375 0.4830729166666667 0.3385416666666667 0.4752604166666667 0.3229166666666667 0.4752604166666667 0.3151041666666667 0.4791666666666667 0.3151041666666667
3 0.4739583333333333 0.3033854166666667 0.4817708333333333 0.3138020833333333 0.484375 0.328125 0.4765625 0.3216145833333333 0.47265625 0.3046875
3 0.48828125 0.359375 0.4947916666666667 0.359375 0.4973958333333333 0.36328125 0.4973958333333333 0.3723958333333333 0.4947916666666667 0.3736979166666667 0.48828125 0.3684895833333333 0.48828125 0.3606770833333333
3 0.4947916666666667 0.421875 0.4973958333333333 0.4244791666666667 0.49609375 0.4296875 0.4856770833333333 0.4283854166666667 0.4869791666666667 0.4231770833333333 0.4934895833333333 0.4231770833333333
3 0.4700520833333333 0.3059895833333333 0.4739583333333333 0.3059895833333333 0.4765625 0.30859375 0.4817708333333333 0.3203125 0.4817708333333333 0.328125 0.4778645833333333 0.328125 0.4739583333333333 0.32421875 0.4700520833333333 0.3138020833333333 0.4700520833333333 0.3072916666666667
3 0.4635416666666667 0.2981770833333333 0.46875 0.2994791666666667 0.4739583333333333 0.3072916666666667 0.4739583333333333 0.3203125 0.4713541666666667 0.3216145833333333 0.4674479166666667 0.3059895833333333 0.4635416666666667 0.2994791666666667
3 0.4986979166666667 0.4518229166666667 0.5013020833333334 0.453125 0.5026041666666666 0.4583333333333333 0.5026041666666666 0.4622395833333333 0.5 0.46484375 0.4947916666666667 0.4622395833333333 0.4947916666666667 0.453125 0.4973958333333333 0.4518229166666667
3 0.4778645833333333 0.3372395833333333 0.4869791666666667 0.3515625 0.484375 0.35546875 0.48046875 0.35546875 0.4791666666666667 0.3515625 0.4817708333333333 0.3489583333333333 0.4739583333333333 0.3450520833333333 0.4739583333333333 0.3385416666666667 0.4765625 0.3372395833333333
3 0.4908854166666667 0.3502604166666667 0.4973958333333333 0.36328125 0.4973958333333333 0.3684895833333333 0.4947916666666667 0.37109375 0.48828125 0.3658854166666667 0.48828125 0.35546875 0.4908854166666667 0.3515625
3 0.484375 0.34765625 0.4869791666666667 0.3489583333333333 0.4869791666666667 0.35546875 0.48046875 0.35546875 0.4791666666666667 0.3515625 0.4830729166666667 0.3489583333333333
3 0.4973958333333333 0.4361979166666667 0.4973958333333333 0.4453125 0.4869791666666667 0.4427083333333333 0.48828125 0.4388020833333333 0.49609375 0.4361979166666667
3 0.4674479166666667 0.29296875 0.4765625 0.3033854166666667 0.48046875 0.3138020833333333 0.48046875 0.31640625 0.4752604166666667 0.31640625 0.4700520833333333 0.3111979166666667 0.4674479166666667 0.2942708333333333
3 0.4986979166666667 0.4309895833333333 0.5052083333333334 0.4322916666666667 0.5052083333333334 0.4348958333333333 0.5013020833333334 0.4375 0.4986979166666667 0.4361979166666667 0.4986979166666667 0.4322916666666667
3 0.4635416666666667 0.2994791666666667 0.4661458333333333 0.296875 0.4700520833333333 0.296875 0.4752604166666667 0.3059895833333333 0.47265625 0.31640625 0.4700520833333333 0.3151041666666667 0.46484375 0.30078125
3 0.5182291666666666 0.5625 0.5208333333333334 0.5638020833333334 0.5221354166666666 0.5703125 0.5169270833333334 0.5755208333333334 0.51171875 0.5755208333333334 0.5091145833333334 0.5729166666666666 0.5104166666666666 0.56640625 0.5169270833333334 0.5625
3 0.48828125 0.4765625 0.5 0.47265625 0.5026041666666666 0.4791666666666667 0.5026041666666666 0.4830729166666667 0.4973958333333333 0.484375 0.48828125 0.48046875 0.48828125 0.4778645833333333
3 0.484375 0.3372395833333333 0.4895833333333333 0.34765625 0.4895833333333333 0.3528645833333333 0.4869791666666667 0.3567708333333333 0.48046875 0.3528645833333333 0.4830729166666667 0.3489583333333333 0.4752604166666667 0.3411458333333333 0.4765625 0.3385416666666667 0.4830729166666667 0.3372395833333333
3 0.4544270833333333 0.2864583333333333 0.4596354166666667 0.2864583333333333 0.4700520833333333 0.2955729166666667 0.4700520833333333 0.3020833333333333 0.4661458333333333 0.3020833333333333 0.4557291666666667 0.29296875 0.4544270833333333 0.2877604166666667
3 0.4908854166666667 0.3528645833333333 0.4973958333333333 0.3606770833333333 0.4973958333333333 0.3684895833333333 0.4947916666666667 0.3684895833333333 0.4895833333333333 0.3606770833333333 0.4908854166666667 0.3541666666666667
3 0.48828125 0.4388020833333333 0.49609375 0.4388020833333333 0.4986979166666667 0.44140625 0.4973958333333333 0.4453125 0.48828125 0.4453125 0.48828125 0.4401041666666667
3 0.4908854166666667 0.3723958333333333 0.4947916666666667 0.3802083333333333 0.4947916666666667 0.3893229166666667 0.4895833333333333 0.390625 0.4908854166666667 0.38671875 0.4856770833333333 0.37890625 0.4856770833333333 0.3763020833333333 0.4895833333333333 0.3736979166666667
3 0.4635416666666667 0.2903645833333333 0.4700520833333333 0.2955729166666667 0.4765625 0.3059895833333333 0.4739583333333333 0.3177083333333333 0.4700520833333333 0.3151041666666667 0.4674479166666667 0.3046875 0.4635416666666667 0.30078125 0.4635416666666667 0.2916666666666667
3 0.4739583333333333 0.3203125 0.4817708333333333 0.328125 0.484375 0.3385416666666667 0.4752604166666667 0.3385416666666667 0.4765625 0.3346354166666667 0.47265625 0.328125 0.47265625 0.3216145833333333
3 0.4986979166666667 0.4348958333333333 0.4986979166666667 0.4453125 0.48828125 0.4427083333333333 0.4973958333333333 0.4348958333333333
3 0.4739583333333333 0.3203125 0.4830729166666667 0.3268229166666667 0.4856770833333333 0.3346354166666667 0.4856770833333333 0.3411458333333333 0.48046875 0.3372395833333333 0.4739583333333333 0.328125 0.4739583333333333 0.3216145833333333
3 0.4934895833333333 0.45703125 0.4973958333333333 0.45703125 0.4973958333333333 0.4609375 0.4934895833333333 0.4635416666666667 0.4869791666666667 0.4622395833333333 0.4869791666666667 0.4583333333333333 0.4895833333333333 0.4557291666666667 0.4921875 0.45703125
3 0.484375 0.3372395833333333 0.013671875 0.026041666666666668
3 0.4772135416666667 0.3151041666666667 0.014973958333333334 0.026692708333333332
3 0.4765625 0.3111979166666667 0.4817708333333333 0.3151041666666667 0.4856770833333333 0.3255208333333333 0.484375 0.3333333333333333 0.484375 0.3307291666666667 0.4791666666666667 0.3268229166666667 0.4752604166666667 0.3203125 0.4765625 0.3125
3 0.5247395833333334 0.59765625 0.52734375 0.6002604166666666 0.52734375 0.6067708333333334 0.5221354166666666 0.6106770833333334 0.51171875 0.609375 0.51171875 0.6015625 0.5182291666666666 0.5963541666666666 0.5234375 0.59765625
3 0.4674479166666667 0.3033854166666667 0.4739583333333333 0.3033854166666667 0.4778645833333333 0.3138020833333333 0.4765625 0.3203125 0.47265625 0.3229166666666667 0.4700520833333333 0.3190104166666667 0.4674479166666667 0.3046875
3 0.4921875 0.3971354166666667 0.48828125 0.40625 0.4869791666666667 0.4010416666666667 0.4908854166666667 0.3971354166666667
3 0.4557291666666667 0.28515625 0.4674479166666667 0.2942708333333333 0.4674479166666667 0.3020833333333333 0.46484375 0.3020833333333333 0.44921875 0.2890625 0.44921875 0.2864583333333333 0.4544270833333333 0.2864583333333333
3 0.4557291666666667 0.2864583333333333 0.4622395833333333 0.2877604166666667 0.4700520833333333 0.2942708333333333 0.4739583333333333 0.3033854166666667 0.4739583333333333 0.3059895833333333 0.4700520833333333 0.3072916666666667 0.4596354166666667 0.2955729166666667 0.45703125 0.2877604166666667
3 0.4765625 0.3125 0.48046875 0.3138020833333333 0.4856770833333333 0.3255208333333333 0.484375 0.3346354166666667 0.484375 0.33203125 0.4765625 0.3229166666666667 0.4765625 0.3138020833333333
3 0.4817708333333333 0.3697916666666667 0.4869791666666667 0.3658854166666667 0.4908854166666667 0.3658854166666667 0.4947916666666667 0.3736979166666667 0.4921875 0.3802083333333333 0.48828125 0.37890625 0.4869791666666667 0.3723958333333333 0.4830729166666667 0.3697916666666667
3 0.47265625 0.3033854166666667 0.4765625 0.3151041666666667 0.4752604166666667 0.3255208333333333 0.4713541666666667 0.3216145833333333 0.4674479166666667 0.3072916666666667 0.4674479166666667 0.3033854166666667 0.4713541666666667 0.3033854166666667
3 0.5989583333333334 0.8606770833333334 0.6067708333333334 0.8671875 0.609375 0.8723958333333334 0.6080729166666666 0.8893229166666666 0.6028645833333334 0.89453125 0.5924479166666666 0.8932291666666666 0.5885416666666666 0.88671875 0.5885416666666666 0.8697916666666666 0.59375 0.8619791666666666 0.59765625 0.8606770833333334
3 0.4765625 0.3190104166666667 0.4791666666666667 0.3190104166666667 0.484375 0.32421875 0.4869791666666667 0.33203125 0.4869791666666667 0.33984375 0.484375 0.3385416666666667 0.4830729166666667 0.3333333333333333 0.4778645833333333 0.328125 0.4765625 0.3203125
3 0.4700520833333333 0.2994791666666667 0.4739583333333333 0.30078125 0.4817708333333333 0.3138020833333333 0.48046875 0.3229166666666667 0.47265625 0.3190104166666667 0.46875 0.3072916666666667 0.4700520833333333 0.30078125
3 0.4778645833333333 0.3359375 0.484375 0.3463541666666667 0.484375 0.3541666666666667 0.48046875 0.3541666666666667 0.4817708333333333 0.3489583333333333 0.4739583333333333 0.3450520833333333 0.4739583333333333 0.3372395833333333 0.4765625 0.3359375
3 0.45703125 0.2864583333333333 0.4609375 0.2864583333333333 0.4661458333333333 0.2903645833333333 0.4739583333333333 0.30078125 0.4765625 0.3072916666666667 0.4739583333333333 0.3098958333333333 0.4700520833333333 0.3098958333333333 0.4583333333333333 0.2877604166666667
3 0.4947916666666667 0.4453125 0.5026041666666666 0.453125 0.5013020833333334 0.4635416666666667 0.4934895833333333 0.4635416666666667 0.4921875 0.44921875 0.4947916666666667 0.4466145833333333
3 0.4739583333333333 0.3072916666666667 0.4739583333333333 0.3098958333333333 0.4817708333333333 0.3151041666666667 0.4869791666666667 0.3333333333333333 0.4869791666666667 0.3385416666666667 0.4830729166666667 0.3372395833333333 0.4752604166666667 0.3216145833333333 0.4739583333333333 0.30859375
3 0.4986979166666667 0.4713541666666667 0.50390625 0.4739583333333333 0.50390625 0.4778645833333333 0.5091145833333334 0.4856770833333333 0.5091145833333334 0.4908854166666667 0.5 0.4921875 0.4934895833333333 0.4869791666666667 0.49609375 0.48046875 0.4947916666666667 0.4739583333333333 0.4973958333333333 0.47265625
3 0.46875 0.2955729166666667 0.4739583333333333 0.2994791666666667 0.4817708333333333 0.3138020833333333 0.48046875 0.3190104166666667 0.4713541666666667 0.3125 0.46875 0.296875
3 0.4817708333333333 0.3411458333333333 0.4908854166666667 0.3515625 0.48828125 0.3567708333333333 0.484375 0.3567708333333333 0.48046875 0.3528645833333333 0.484375 0.3450520833333333 0.4830729166666667 0.3424479166666667
3 0.46875 0.3098958333333333 0.4739583333333333 0.3177083333333333 0.4739583333333333 0.3268229166666667 0.4791666666666667 0.33203125 0.4739583333333333 0.3294270833333333 0.46875 0.3111979166666667
3 0.4752604166666667 0.3216145833333333 0.484375 0.3255208333333333 0.4908854166666667 0.3463541666666667 0.4908854166666667 0.3515625 0.484375 0.3450520833333333 0.4830729166666667 0.3372395833333333 0.4752604166666667 0.328125 0.4752604166666667 0.3229166666666667
3 0.5052083333333334 0.5638020833333334 0.515625 0.5611979166666666 0.5208333333333334 0.5651041666666666 0.5208333333333334 0.5729166666666666 0.5182291666666666 0.5755208333333334 0.5078125 0.5755208333333334 0.5052083333333334 0.5651041666666666
3 0.5716145833333334 0.8138020833333334 0.5794270833333334 0.8203125 0.5833333333333334 0.8268229166666666 0.5846354166666666 0.8411458333333334 0.58203125 0.8450520833333334 0.5703125 0.8489583333333334 0.5651041666666666 0.8489583333333334 0.5611979166666666 0.8463541666666666 0.5533854166666666 0.83203125 0.5559895833333334 0.82421875 0.5703125 0.8138020833333334
3 0.4700520833333333 0.2981770833333333 0.4778645833333333 0.3059895833333333 0.4830729166666667 0.3203125 0.48046875 0.3229166666666667 0.4713541666666667 0.3138020833333333 0.4700520833333333 0.2994791666666667
3 0.4947916666666667 0.375 0.4973958333333333 0.375 0.5 0.3802083333333333 0.4986979166666667 0.3893229166666667 0.4947916666666667 0.390625 0.4921875 0.3880208333333333 0.4947916666666667 0.3763020833333333
3 0.5481770833333334 0.7057291666666666 0.5572916666666666 0.7161458333333334 0.5559895833333334 0.7239583333333334 0.5494791666666666 0.7291666666666666 0.5416666666666666 0.7278645833333334 0.53125 0.7200520833333334 0.53125 0.71484375 0.5364583333333334 0.7096354166666666 0.546875 0.7057291666666666
3 0.4973958333333333 0.3932291666666667 0.4986979166666667 0.41015625 0.4934895833333333 0.4140625 0.4895833333333333 0.4114583333333333 0.4921875 0.4049479166666667 0.48828125 0.4049479166666667 0.4869791666666667 0.4010416666666667 0.48828125 0.3971354166666667 0.49609375 0.3932291666666667
3 0.5065104166666666 0.5338541666666666 0.5130208333333334 0.5325520833333334 0.5169270833333334 0.5364583333333334 0.515625 0.5416666666666666 0.5130208333333334 0.5442708333333334 0.5091145833333334 0.5442708333333334 0.50390625 0.5403645833333334 0.5065104166666666 0.53515625
3 0.5 0.4153645833333333 0.5052083333333334 0.4166666666666667 0.50390625 0.4205729166666667 0.5 0.4205729166666667 0.5 0.4166666666666667
3 0.4908854166666667 0.3541666666666667 0.4947916666666667 0.3567708333333333 0.49609375 0.3619791666666667 0.49609375 0.3671875 0.4908854166666667 0.3658854166666667 0.4908854166666667 0.35546875
3 0.46875 0.3033854166666667 0.4739583333333333 0.3046875 0.4791666666666667 0.3216145833333333 0.4778645833333333 0.3268229166666667 0.4739583333333333 0.3255208333333333 0.4713541666666667 0.3216145833333333 0.46875 0.3046875
3 0.5013020833333334 0.4739583333333333 0.5052083333333334 0.4830729166666667 0.5013020833333334 0.4921875 0.4921875 0.48828125 0.4921875 0.4830729166666667 0.48828125 0.48046875 0.48828125 0.4765625 0.4947916666666667 0.47265625 0.5 0.4739583333333333
3 0.4635416666666667 0.2890625 0.4713541666666667 0.296875 0.4765625 0.3059895833333333 0.4739583333333333 0.31640625 0.4713541666666667 0.31640625 0.46875 0.3125 0.4674479166666667 0.3046875 0.4635416666666667 0.30078125 0.4622395833333333 0.2903645833333333
3 0.4908854166666667 0.3528645833333333 0.4947916666666667 0.35546875 0.4947916666666667 0.359375 0.4908854166666667 0.359375 0.4908854166666667 0.3541666666666667
3 0.4622395833333333 0.2994791666666667 0.4700520833333333 0.3033854166666667 0.4700520833333333 0.3138020833333333 0.47265625 0.3177083333333333 0.4739583333333333 0.328125 0.4700520833333333 0.3203125 0.4674479166666667 0.3059895833333333 0.4635416666666667 0.30078125
3 0.4869791666666667 0.3658854166666667 0.4908854166666667 0.3658854166666667 0.4934895833333333 0.3723958333333333 0.48828125 0.37109375 0.4869791666666667 0.3671875
3 0.46875 0.3098958333333333 0.4739583333333333 0.3151041666666667 0.4752604166666667 0.3229166666666667 0.4817708333333333 0.3294270833333333 0.4817708333333333 0.3333333333333333 0.4739583333333333 0.33203125 0.46875 0.3111979166666667
3 0.4544270833333333 0.2864583333333333 0.4596354166666667 0.2864583333333333 0.4635416666666667 0.2890625 0.4700520833333333 0.296875 0.4713541666666667 0.3033854166666667 0.4700520833333333 0.30859375 0.4544270833333333 0.29296875 0.4544270833333333 0.2877604166666667