3 0.5260416666666666 0.3619791666666667 0.5286458333333334 0.3658854166666667 0.52734375 0.3802083333333333 0.5221354166666666 0.3763020833333333 0.5208333333333334 0.3723958333333333 0.5247395833333334 0.36328125
3 0.5221354166666666 0.5872395833333334 0.5247395833333334 0.58984375 0.5234375 0.5963541666666666 0.5208333333333334 0.59765625 0.5182291666666666 0.5950520833333334 0.5182291666666666 0.5911458333333334 0.5208333333333334 0.5885416666666666
3 0.5260416666666666 0.3645833333333333 0.008463541666666666 0.018880208333333332
3 0.55859375 0.4192708333333333 0.5611979166666666 0.4192708333333333 0.5625 0.421875 0.5611979166666666 0.4270833333333333 0.55859375 0.42578125 0.55859375 0.4205729166666667
3 0.5729166666666666 0.4583333333333333 0.578125 0.4622395833333333 0.5755208333333334 0.4739583333333333 0.5690104166666666 0.4674479166666667 0.5690104166666666 0.4596354166666667 0.5716145833333334 0.4583333333333333
3 0.5572916666666666 0.4270833333333333 0.5625 0.4322916666666667 0.5625 0.4348958333333333 0.5598958333333334 0.4361979166666667 0.5572916666666666 0.43359375 0.5572916666666666 0.4283854166666667
3 0.5403645833333334 0.3932291666666667 0.54296875 0.3971354166666667 0.54296875 0.4049479166666667 0.5403645833333334 0.4036458333333333 0.5403645833333334 0.39453125
3 0.5416666666666666 0.3984375 0.546875 0.40625 0.546875 0.4114583333333333 0.5494791666666666 0.4153645833333333 0.5455729166666666 0.4153645833333333 0.5416666666666666 0.3997395833333333
3 0.5677083333333334 0.4622395833333333 0.5729166666666666 0.4622395833333333 0.5716145833333334 0.46875 0.5677083333333334 0.4674479166666667 0.5677083333333334 0.4635416666666667
3 0.5677083333333334 0.4348958333333333 0.5716145833333334 0.4348958333333333 0.5703125 0.44140625 0.5677083333333334 0.4401041666666667 0.5677083333333334 0.4361979166666667
3 0.5260416666666666 0.3463541666666667 0.5286458333333334 0.3463541666666667 0.5260416666666666 0.35546875 0.5234375 0.3567708333333333 0.5260416666666666 0.34765625
3 0.5572916666666666 0.5260416666666666 0.5611979166666666 0.5247395833333334 0.5611979166666666 0.5299479166666666 0.5572916666666666 0.5299479166666666 0.5572916666666666 0.52734375
3 0.5299479166666666 0.3541666666666667 0.5325520833333334 0.3580729166666667 0.5299479166666666 0.37109375 0.52734375 0.3671875 0.5286458333333334 0.35546875
3 0.5455729166666666 0.32421875 0.546875 0.33203125 0.54296875 0.3346354166666667 0.5390625 0.3333333333333333 0.5390625 0.3294270833333333 0.5442708333333334 0.32421875
3 0.5540364583333334 0.4251302083333333 0.009114583333333334 0.017578125
3 0.5358072916666666 0.5651041666666666 0.006510416666666667 0.007161458333333333
3 0.5286458333333334 0.3424479166666667 0.5299479166666666 0.3489583333333333 0.5260416666666666 0.3541666666666667 0.5247395833333334 0.3528645833333333 0.5260416666666666 0.3450520833333333 0.5286458333333334 0.34375
3 0.5572916666666666 0.4166666666666667 0.5625 0.4205729166666667 0.5677083333333334 0.4309895833333333 0.5677083333333334 0.4361979166666667 0.5598958333333334 0.4322916666666667 0.5572916666666666 0.4283854166666667 0.5572916666666666 0.41796875
3 0.5169270833333334 0.5755208333333334 0.007161458333333333 0.008463541666666666
3 0.5364583333333334 0.3307291666666667 0.5390625 0.33203125 0.5390625 0.33984375 0.53515625 0.3411458333333333 0.53125 0.3385416666666667 0.5299479166666666 0.3346354166666667 0.53515625 0.33203125
3 0.5364583333333334 0.3372395833333333 0.5403645833333334 0.3385416666666667 0.5390625 0.3450520833333333 0.53515625 0.34765625 0.53515625 0.3385416666666667
3 0.5260416666666666 0.3528645833333333 0.5260416666666666 0.3671875 0.5234375 0.3671875 0.5221354166666666 0.3645833333333333 0.5221354166666666 0.3567708333333333 0.5247395833333334 0.3541666666666667
3 0.5768229166666666 0.4895833333333333 0.5768229166666666 0.49609375 0.5729166666666666 0.49609375 0.5729166666666666 0.4908854166666667 0.5755208333333334 0.4895833333333333
3 0.5442708333333334 0.5403645833333334 0.5442708333333334 0.53515625 0.546875 0.5325520833333334 0.5494791666666666 0.5338541666666666 0.5494791666666666 0.5377604166666666 0.5481770833333334 0.5403645833333334 0.5455729166666666 0.5403645833333334
3 0.5338541666666666 0.38671875 0.5364583333333334 0.38671875 0.5377604166666666 0.390625 0.5338541666666666 0.3919270833333333 0.5338541666666666 0.3880208333333333
3 0.5221354166666666 0.3684895833333333 0.5260416666666666 0.3684895833333333 0.52734375 0.3723958333333333 0.5247395833333334 0.3763020833333333 0.5208333333333334 0.3723958333333333 0.5221354166666666 0.3697916666666667
3 0.48828125 0.8776041666666666 0.48828125 0.8880208333333334 0.4908854166666667 0.89453125 0.48828125 0.9075520833333334 0.4830729166666667 0.9075520833333334 0.4765625 0.9010416666666666 0.4778645833333333 0.8815104166666666 0.48046875 0.8776041666666666 0.4869791666666667 0.8776041666666666
3 0.5768229166666666 0.2571614583333333 0.024088541666666668 0.12174479166666667
3 0.57421875 0.4778645833333333 0.578125 0.4830729166666667 0.578125 0.48828125 0.5755208333333334 0.4921875 0.57421875 0.4934895833333333 0.5716145833333334 0.48828125 0.5729166666666666 0.4791666666666667
3 0.529296875 0.3665364583333333 0.001953125 0.0078125
3 0.5169270833333334 0.5950520833333334 0.5182291666666666 0.5989583333333334 0.515625 0.6028645833333334 0.51171875 0.6028645833333334 0.51171875 0.59765625 0.515625 0.5950520833333334
3 0.5078125 0.8346354166666666 0.5130208333333334 0.8450520833333334 0.5091145833333334 0.85546875 0.50390625 0.8606770833333334 0.5 0.8606770833333334 0.49609375 0.8528645833333334 0.5013020833333334 0.8385416666666666 0.5065104166666666 0.8346354166666666
3 0.5325520833333334 0.3463541666666667 0.009114583333333334 0.010416666666666666
3 0.5305989583333334 0.3541666666666667 0.0026041666666666665 0.004557291666666667
3 0.5364583333333334 0.3828125 0.5364583333333334 0.3880208333333333 0.5325520833333334 0.3880208333333333 0.53125 0.3854166666666667 0.5325520833333334 0.3815104166666667 0.53515625 0.3828125
3 0.5533854166666666 0.4205729166666667 0.5494791666666666 0.4140625 0.55078125 0.4075520833333333 0.5533854166666666 0.4088541666666667 0.5572916666666666 0.41796875 0.5546875 0.4205729166666667
3 0.5299479166666666 0.33984375 0.5338541666666666 0.3450520833333333 0.5325520833333334 0.3489583333333333 0.5299479166666666 0.3515625 0.5260416666666666 0.3502604166666667 0.5260416666666666 0.3450520833333333 0.5286458333333334 0.3411458333333333
3 0.4986979166666667 0.8059895833333334 0.5013020833333334 0.80859375 0.5026041666666666 0.81640625 0.5026041666666666 0.8229166666666666 0.4986979166666667 0.828125 0.4934895833333333 0.8268229166666666 0.4895833333333333 0.8216145833333334 0.4895833333333333 0.8138020833333334 0.4973958333333333 0.8059895833333334
3 0.568359375 0.4407552083333333 0.008463541666666666 0.014973958333333334
3 0.5494791666666666 0.4127604166666667 0.5533854166666666 0.41796875 0.55078125 0.4205729166666667 0.5481770833333334 0.4153645833333333 0.5494791666666666 0.4140625
3 0.5748697916666666 0.4557291666666667 0.005859375 0.009114583333333334
3 0.57421875 0.4791666666666667 0.007161458333333333 0.013020833333333334
3 0.5221354166666666 0.3723958333333333 0.5260416666666666 0.3736979166666667 0.5260416666666666 0.3802083333333333 0.5221354166666666 0.3736979166666667
3 0.525390625 0.3763020833333333 0.005859375 0.011067708333333334
3 0.5572916666666666 0.4296875 0.5611979166666666 0.4296875 0.5625 0.4322916666666667 0.5598958333333334 0.4361979166666667 0.5572916666666666 0.4309895833333333
3 0.556640625 0.5182291666666666 0.006510416666666667 0.008463541666666666
3 0.53125 0.3736979166666667 0.52734375 0.3645833333333333 0.5299479166666666 0.3567708333333333 0.5325520833333334 0.3580729166666667 0.5325520833333334 0.3736979166666667
3 0.49609375 0.91796875 0.4973958333333333 0.9322916666666666 0.4856770833333333 0.9453125 0.48046875 0.9453125 0.4778645833333333 0.9375 0.48046875 0.9309895833333334 0.4856770833333333 0.9283854166666666 0.48828125 0.91796875 0.4947916666666667 0.91796875
3 0.5325520833333334 0.38671875 0.5299479166666666 0.3815104166666667 0.53125 0.3736979166666667 0.5364583333333334 0.3802083333333333 0.5364583333333334 0.3854166666666667 0.5338541666666666 0.38671875
3 0.5325520833333334 0.3463541666666667 0.5338541666666666 0.3489583333333333 0.5299479166666666 0.35546875 0.5286458333333334 0.34765625 0.53125 0.3463541666666667
3 0.5338541666666666 0.34375 0.5338541666666666 0.3489583333333333 0.5299479166666666 0.34765625 0.5299479166666666 0.3450520833333333 0.5325520833333334 0.34375
3 0.5325520833333334 0.5638020833333334 0.5364583333333334 0.5638020833333334 0.5338541666666666 0.5690104166666666 0.5299479166666666 0.5690104166666666 0.5325520833333334 0.5651041666666666
3 0.5364583333333334 0.37890625 0.5390625 0.3854166666666667 0.5364583333333334 0.3880208333333333 0.5325520833333334 0.3841145833333333 0.5325520833333334 0.3802083333333333 0.53515625 0.37890625
3 0.5299479166666666 0.3528645833333333 0.5325520833333334 0.3541666666666667 0.53125 0.3671875 0.5299479166666666 0.3684895833333333 0.52734375 0.36328125 0.5286458333333334 0.3541666666666667
3 0.5716145833333334 0.4791666666666667 0.5716145833333334 0.484375 0.5690104166666666 0.4869791666666667 0.56640625 0.4856770833333333 0.56640625 0.4817708333333333 0.5703125 0.4791666666666667
3 0.5364583333333334 0.3346354166666667 0.54296875 0.33203125 0.5403645833333334 0.3450520833333333 0.5377604166666666 0.3450520833333333 0.53515625 0.3411458333333333 0.5364583333333334 0.3359375
3 0.57421875 0.4791666666666667 0.5729166666666666 0.4713541666666667 0.5755208333333334 0.4700520833333333 0.578125 0.47265625 0.5755208333333334 0.4778645833333333
3 0.5677083333333334 0.44140625 0.5703125 0.4479166666666667 0.56640625 0.44921875 0.56640625 0.4427083333333333
3 0.5677083333333334 0.4986979166666667 0.5677083333333334 0.5052083333333334 0.5638020833333334 0.5052083333333334 0.5638020833333334 0.5 0.56640625 0.4986979166666667
3 0.546875 0.5364583333333334 0.55078125 0.5390625 0.5494791666666666 0.546875 0.546875 0.5494791666666666 0.54296875 0.5494791666666666 0.54296875 0.5442708333333334 0.546875 0.5377604166666666
3 0.5325520833333334 0.3483072916666667 0.0078125 0.011067708333333334
3 0.5286458333333334 0.36328125 0.5299479166666666 0.3802083333333333 0.5260416666666666 0.3815104166666667 0.5234375 0.3763020833333333 0.52734375 0.3645833333333333
3 0.5716145833333334 0.50390625 0.5729166666666666 0.51171875 0.5690104166666666 0.5143229166666666 0.56640625 0.51171875 0.5703125 0.5052083333333334
3 0.55078125 0.5416666666666666 0.5520833333333334 0.546875 0.5455729166666666 0.546875 0.546875 0.54296875 0.5494791666666666 0.54296875
3 0.5520833333333334 0.3216145833333333 0.5520833333333334 0.328125 0.5494791666666666 0.3307291666666667 0.546875 0.3307291666666667 0.5455729166666666 0.3268229166666667 0.55078125 0.3216145833333333
3 0.5299479166666666 0.5520833333333334 0.53515625 0.5520833333333334 0.5325520833333334 0.5572916666666666 0.5299479166666666 0.5572916666666666 0.5299479166666666 0.5533854166666666
3 0.56640625 0.4908854166666667 0.5703125 0.4921875 0.5690104166666666 0.5026041666666666 0.56640625 0.5052083333333334 0.5638020833333334 0.50390625 0.56640625 0.4921875
3 0.5299479166666666 0.3385416666666667 0.5299479166666666 0.3489583333333333 0.5247395833333334 0.34765625 0.5286458333333334 0.33984375
3 0.5494791666666666 0.40625 0.5533854166666666 0.4075520833333333 0.5533854166666666 0.4127604166666667 0.5494791666666666 0.4114583333333333 0.5494791666666666 0.4075520833333333
3 0.54296875 0.3912760416666667 0.00390625 0.0078125
3 0.5403645833333334 0.3893229166666667 0.5442708333333334 0.390625 0.5455729166666666 0.3971354166666667 0.5455729166666666 0.4036458333333333 0.5416666666666666 0.4036458333333333 0.5403645833333334 0.390625
3 0.5572916666666666 0.4309895833333333 0.5625 0.4309895833333333 0.5651041666666666 0.4388020833333333 0.5690104166666666 0.4427083333333333 0.5677083333333334 0.4453125 0.5651041666666666 0.4453125 0.5572916666666666 0.4322916666666667
3 0.4908854166666667 0.9153645833333334 0.4947916666666667 0.9166666666666666 0.4986979166666667 0.921875 0.4973958333333333 0.9296875 0.4934895833333333 0.9322916666666666 0.48828125 0.9270833333333334 0.4869791666666667 0.921875 0.4895833333333333 0.9166666666666666
3 0.5520833333333334 0.4036458333333333 0.5546875 0.40625 0.5546875 0.4127604166666667 0.5494791666666666 0.41015625 0.5481770833333334 0.4049479166666667 0.55078125 0.4036458333333333
3 0.5299479166666666 0.34375 0.5338541666666666 0.3463541666666667 0.5325520833333334 0.3528645833333333 0.5299479166666666 0.35546875 0.5260416666666666 0.3541666666666667 0.5260416666666666 0.3489583333333333 0.5286458333333334 0.3450520833333333
3 0.5286458333333334 0.3619791666666667 0.5299479166666666 0.3841145833333333 0.5247395833333334 0.3802083333333333 0.5247395833333334 0.3736979166666667 0.5286458333333334 0.36328125
3 0.5494791666666666 0.3216145833333333 0.5494791666666666 0.3294270833333333 0.5442708333333334 0.3333333333333333 0.5403645833333334 0.3333333333333333 0.5403645833333334 0.328125 0.5481770833333334 0.3229166666666667
3 0.4661458333333333 0.9635416666666666 0.4713541666666667 0.9635416666666666 0.47265625 0.9661458333333334 0.4739583333333333 0.9869791666666666 0.47265625 0.99609375 0.4609375 0.9973958333333334 0.4583333333333333 0.9947916666666666 0.4583333333333333 0.97265625 0.4661458333333333 0.96484375
3 0.5299479166666666 0.3463541666666667 0.5299479166666666 0.3515625 0.5260416666666666 0.3567708333333333 0.5234375 0.3567708333333333 0.5234375 0.3528645833333333 0.5286458333333334 0.3463541666666667
3 0.5677083333333334 0.5091145833333334 0.5716145833333334 0.5104166666666666 0.5716145833333334 0.5130208333333334 0.5677083333333334 0.515625 0.5677083333333334 0.5104166666666666
3 0.5390625 0.3346354166666667 0.5403645833333334 0.33984375 0.5364583333333334 0.3424479166666667 0.53515625 0.3359375 0.5377604166666666 0.3346354166666667
4 0.5149739583333334 0.6946614583333334 0.05859375 0.177734375