3 0.75 0.421875 0.7526041666666666 0.4231770833333333 0.7604166666666666 0.4388020833333333 0.7591145833333334 0.4453125 0.75390625 0.4427083333333333 0.75390625 0.4296875 0.75 0.4231770833333333
3 0.55859375 0.6158854166666666 0.5716145833333334 0.6119791666666666 0.5716145833333334 0.6171875 0.5598958333333334 0.6171875
3 0.3268229166666667 0.8001302083333334 0.014973958333333334 0.01953125
3 0.69921875 0.3736979166666667 0.7044270833333334 0.375 0.70703125 0.37890625 0.703125 0.3802083333333333 0.69921875 0.375
3 0.7252604166666666 0.5390625 0.7239583333333334 0.5481770833333334 0.71875 0.5442708333333334 0.7239583333333334 0.5390625
3 0.5546875 0.5364583333333334 0.5533854166666666 0.5442708333333334 0.546875 0.55078125 0.54296875 0.55078125 0.5416666666666666 0.54296875 0.546875 0.5364583333333334 0.5533854166666666 0.5364583333333334
3 0.5533854166666666 0.4518229166666667 0.5611979166666666 0.4596354166666667 0.5533854166666666 0.4596354166666667 0.5533854166666666 0.453125
3 0.57421875 0.4700520833333333 0.58203125 0.4700520833333333 0.5872395833333334 0.4765625 0.5872395833333334 0.4817708333333333 0.5846354166666666 0.4856770833333333 0.58203125 0.4856770833333333 0.5755208333333334 0.4713541666666667
3 0.58984375 0.521484375 0.008463541666666666 0.010416666666666666
3 0.7421875 0.40625 0.7513020833333334 0.4153645833333333 0.7552083333333334 0.4231770833333333 0.7552083333333334 0.4296875 0.7473958333333334 0.4244791666666667 0.73828125 0.4088541666666667 0.7408854166666666 0.40625
3 0.7135416666666666 0.37890625 0.71484375 0.3841145833333333 0.7109375 0.3828125 0.7096354166666666 0.3802083333333333 0.7122395833333334 0.37890625
3 0.6744791666666666 0.58984375 0.67578125 0.5846354166666666 0.6796875 0.5846354166666666 0.6809895833333334 0.5872395833333334 0.6796875 0.58984375 0.67578125 0.58984375
3 0.7578125 0.466796875 0.010416666666666666 0.036458333333333336
3 0.5963541666666666 0.4908854166666667 0.6015625 0.4934895833333333 0.6015625 0.4973958333333333 0.5963541666666666 0.5 0.59375 0.4973958333333333 0.5963541666666666 0.4921875
3 0.744140625 0.515625 0.006510416666666667 0.006510416666666667
3 0.5299479166666666 0.4244791666666667 0.5364583333333334 0.4270833333333333 0.5390625 0.43359375 0.5377604166666666 0.4375 0.53125 0.4348958333333333 0.5286458333333334 0.4283854166666667 0.5299479166666666 0.42578125
3 0.5911458333333334 0.48828125 0.59375 0.4908854166666667 0.5924479166666666 0.4973958333333333 0.5885416666666666 0.5 0.5846354166666666 0.4921875 0.58984375 0.48828125
3 0.3606770833333333 0.7473958333333334 0.3619791666666667 0.7565104166666666 0.3567708333333333 0.7630208333333334 0.3528645833333333 0.76171875 0.3528645833333333 0.7565104166666666 0.35546875 0.75 0.359375 0.7473958333333334
3 0.35546875 0.7734375 0.3567708333333333 0.7799479166666666 0.3450520833333333 0.7890625 0.33984375 0.7864583333333334 0.33984375 0.78125 0.3515625 0.7721354166666666 0.3541666666666667 0.7734375
3 0.5377604166666666 0.61328125 0.014322916666666666 0.008463541666666666
3 0.3802083333333333 0.7317708333333334 0.3828125 0.7330729166666666 0.3802083333333333 0.7434895833333334 0.375 0.7447916666666666 0.375 0.7395833333333334 0.37890625 0.7330729166666666
3 0.734375 0.5325520833333334 0.7369791666666666 0.5325520833333334 0.73828125 0.5364583333333334 0.734375 0.5442708333333334 0.734375 0.5338541666666666
3 0.6653645833333334 0.5859375 0.6640625 0.5911458333333334 0.6575520833333334 0.58984375 0.6588541666666666 0.5859375 0.6640625 0.5859375
3 0.5859375 0.60546875 0.5872395833333334 0.6106770833333334 0.5846354166666666 0.6119791666666666 0.578125 0.609375 0.5807291666666666 0.60546875 0.5846354166666666 0.60546875
3 0.5234375 0.5598958333333334 0.010416666666666666 0.013671875
3 0.4427083333333333 0.61328125 0.4466145833333333 0.60546875 0.4505208333333333 0.60546875 0.4518229166666667 0.6080729166666666 0.4479166666666667 0.61328125 0.4427083333333333 0.6145833333333334
3 0.22005208333333334 0.9388020833333334 0.22265625 0.9427083333333334 0.22135416666666666 0.9479166666666666 0.21354166666666666 0.9596354166666666 0.20703125 0.9635416666666666 0.203125 0.9596354166666666 0.20572916666666666 0.9453125 0.20963541666666666 0.9401041666666666 0.21875 0.9388020833333334
3 0.451171875 0.6341145833333334 0.087890625 0.078125
3 0.6861979166666666 0.5807291666666666 0.6888020833333334 0.5755208333333334 0.6927083333333334 0.5755208333333334 0.6940104166666666 0.5807291666666666 0.6875 0.58203125
3 0.5026041666666666 0.6015625 0.5052083333333334 0.6041666666666666 0.5052083333333334 0.609375 0.4934895833333333 0.609375 0.4947916666666667 0.6015625 0.4973958333333333 0.5989583333333334 0.5013020833333334 0.6015625
3 0.4016927083333333 0.685546875 0.036458333333333336 0.05078125
3 0.7486979166666666 0.5130208333333334 0.7513020833333334 0.5065104166666666 0.7526041666666666 0.51171875 0.75 0.5130208333333334
3 0.724609375 0.5501302083333334 0.007161458333333333 0.009114583333333334
3 0.73828125 0.4036458333333333 0.7447916666666666 0.4075520833333333 0.7486979166666666 0.4153645833333333 0.7486979166666666 0.4205729166666667 0.7369791666666666 0.4088541666666667 0.73828125 0.4049479166666667
3 0.5559895833333334 0.6067708333333334 0.5559895833333334 0.61328125 0.546875 0.6119791666666666 0.546875 0.6080729166666666 0.5520833333333334 0.60546875 0.5546875 0.6067708333333334
3 0.5885416666666666 0.4921875 0.5924479166666666 0.4986979166666667 0.5924479166666666 0.5091145833333334 0.5885416666666666 0.5130208333333334 0.5833333333333334 0.5104166666666666 0.5846354166666666 0.50390625 0.5885416666666666 0.5013020833333334 0.5885416666666666 0.4934895833333333
3 0.6315104166666666 0.60546875 0.6263020833333334 0.61328125 0.62109375 0.61328125 0.62109375 0.6080729166666666 0.6302083333333334 0.60546875
3 0.2513020833333333 0.9231770833333334 0.2513020833333333 0.93359375 0.234375 0.9440104166666666 0.23177083333333334 0.9388020833333334 0.234375 0.9296875 0.24088541666666666 0.9244791666666666 0.24739583333333334 0.921875 0.25 0.9231770833333334
3 0.2819010416666667 0.87890625 0.021484375 0.0234375
3 0.4322916666666667 0.6302083333333334 0.4348958333333333 0.6328125 0.43359375 0.6393229166666666 0.4283854166666667 0.6419270833333334 0.4244791666666667 0.640625 0.4309895833333333 0.6315104166666666
3 0.7565104166666666 0.4752604166666667 0.7565104166666666 0.4830729166666667 0.75390625 0.4830729166666667 0.7526041666666666 0.48046875 0.7526041666666666 0.4765625 0.7552083333333334 0.4752604166666667
3 0.3756510416666667 0.7395833333333334 0.015625 0.016276041666666668
3 0.7578125 0.4348958333333333 0.7604166666666666 0.4375 0.76171875 0.4479166666666667 0.7604166666666666 0.4583333333333333 0.7565104166666666 0.4557291666666667 0.7565104166666666 0.4518229166666667 0.75390625 0.44921875 0.7578125 0.4440104166666667 0.7578125 0.4361979166666667
3 0.2890625 0.83984375 0.2994791666666667 0.8359375 0.3020833333333333 0.8372395833333334 0.3020833333333333 0.8450520833333334 0.2942708333333333 0.8567708333333334 0.2890625 0.8567708333333334 0.2877604166666667 0.8541666666666666 0.2890625 0.8411458333333334
3 0.54296875 0.4231770833333333 0.546875 0.4388020833333333 0.546875 0.4427083333333333 0.5442708333333334 0.4453125 0.5364583333333334 0.4361979166666667 0.5364583333333334 0.4296875 0.5416666666666666 0.4231770833333333
3 0.4036458333333333 0.6744791666666666 0.4049479166666667 0.6783854166666666 0.4010416666666667 0.6861979166666666 0.3971354166666667 0.6861979166666666 0.3971354166666667 0.6809895833333334 0.3984375 0.6770833333333334 0.40234375 0.6744791666666666
3 0.7369791666666666 0.5286458333333334 0.734375 0.5364583333333334 0.7317708333333334 0.5325520833333334 0.7356770833333334 0.5286458333333334
3 0.71484375 0.5533854166666666 0.71484375 0.5572916666666666 0.7109375 0.55859375 0.7096354166666666 0.5559895833333334 0.7135416666666666 0.5520833333333334
3 0.3802083333333333 0.7096354166666666 0.3854166666666667 0.7096354166666666 0.3841145833333333 0.7213541666666666 0.3815104166666667 0.7239583333333334 0.3776041666666667 0.7239583333333334 0.3776041666666667 0.7161458333333334 0.3802083333333333 0.7109375
3 0.2513020833333333 0.9075520833333334 0.25 0.8932291666666666 0.2565104166666667 0.88671875 0.2630208333333333 0.88671875 0.2643229166666667 0.8932291666666666 0.2591145833333333 0.9049479166666666 0.2565104166666667 0.9075520833333334 0.2526041666666667 0.9075520833333334
3 0.5944010416666666 0.4850260416666667 0.009114583333333334 0.01171875
3 0.6119791666666666 0.6015625 0.6184895833333334 0.6028645833333334 0.6184895833333334 0.60546875 0.6158854166666666 0.6067708333333334 0.6119791666666666 0.60546875 0.6119791666666666 0.6028645833333334
3 0.4153645833333333 0.65625 0.4127604166666667 0.6536458333333334 0.4140625 0.64453125 0.41796875 0.6419270833333334 0.4205729166666667 0.6432291666666666 0.4166666666666667 0.6549479166666666
3 0.7096354166666666 0.5625 0.71484375 0.5625 0.71484375 0.56640625 0.7122395833333334 0.5690104166666666 0.70703125 0.5690104166666666 0.7096354166666666 0.5638020833333334
3 0.5846354166666666 0.4778645833333333 0.58203125 0.4739583333333333 0.5833333333333334 0.4700520833333333 0.5885416666666666 0.4713541666666667 0.5885416666666666 0.4752604166666667 0.5859375 0.4778645833333333
3 0.5455729166666666 0.4388020833333333 0.55078125 0.4388020833333333 0.5546875 0.4466145833333333 0.5533854166666666 0.453125 0.546875 0.4505208333333333 0.5442708333333334 0.4427083333333333 0.5455729166666666 0.4401041666666667
3 0.5130208333333334 0.5533854166666666 0.5143229166666666 0.5572916666666666 0.5052083333333334 0.5651041666666666 0.5026041666666666 0.5638020833333334 0.50390625 0.5546875 0.51171875 0.5533854166666666
3 0.5416666666666666 0.4114583333333333 0.5442708333333334 0.4140625 0.5442708333333334 0.4322916666666667 0.5403645833333334 0.4388020833333333 0.5338541666666666 0.4296875 0.5338541666666666 0.41796875 0.5403645833333334 0.4114583333333333
3 0.76171875 0.4674479166666667 0.7643229166666666 0.47265625 0.7630208333333334 0.4778645833333333 0.7591145833333334 0.4765625 0.7604166666666666 0.46875
3 0.203125 0.9765625 0.20833333333333334 0.98046875 0.20572916666666666 0.9908854166666666 0.1953125 0.99609375 0.19401041666666666 0.9986979166666666 0.1875 0.9986979166666666 0.18619791666666666 0.9947916666666666 0.19010416666666666 0.9869791666666666 0.20182291666666666 0.9778645833333334
3 0.7239583333333334 0.3893229166666667 0.7291666666666666 0.3919270833333333 0.73046875 0.3971354166666667 0.7265625 0.3971354166666667 0.72265625 0.390625
3 0.7447916666666666 0.41015625 0.7486979166666666 0.4114583333333333 0.7578125 0.4283854166666667 0.7578125 0.43359375 0.75390625 0.43359375 0.7473958333333334 0.4231770833333333 0.7447916666666666 0.4114583333333333
3 0.7552083333333334 0.4791666666666667 0.7578125 0.4856770833333333 0.7565104166666666 0.49609375 0.75390625 0.4973958333333333 0.7526041666666666 0.4908854166666667 0.7552083333333334 0.48046875
3 0.5390625 0.4127604166666667 0.5403645833333334 0.4192708333333333 0.5364583333333334 0.42578125 0.5299479166666666 0.4244791666666667 0.5299479166666666 0.4205729166666667 0.5377604166666666 0.4127604166666667
3 0.5533854166666666 0.5390625 0.5572916666666666 0.5364583333333334 0.5638020833333334 0.5364583333333334 0.5572916666666666 0.5494791666666666 0.55078125 0.5533854166666666 0.5481770833333334 0.5520833333333334 0.5481770833333334 0.5494791666666666 0.5533854166666666 0.5403645833333334
3 0.5859375 0.515625 0.5911458333333334 0.51953125 0.5911458333333334 0.5221354166666666 0.58203125 0.53125 0.5768229166666666 0.5286458333333334 0.5768229166666666 0.5221354166666666 0.5807291666666666 0.5169270833333334 0.5846354166666666 0.515625
3 0.41796875 0.6614583333333334 0.421875 0.6705729166666666 0.41796875 0.6731770833333334 0.41015625 0.671875 0.4166666666666667 0.6627604166666666
3 0.7578125 0.4388020833333333 0.7604166666666666 0.44140625 0.7604166666666666 0.453125 0.7552083333333334 0.4544270833333333 0.7526041666666666 0.4505208333333333 0.7578125 0.4401041666666667
3 0.69921875 0.5703125 0.6979166666666666 0.578125 0.6940104166666666 0.578125 0.6940104166666666 0.5729166666666666 0.6979166666666666 0.5703125
3 0.599609375 0.6119791666666666 0.009114583333333334 0.007161458333333333
3 0.390625 0.7057291666666666 0.3971354166666667 0.69140625 0.4010416666666667 0.6940104166666666 0.40234375 0.7018229166666666 0.4010416666666667 0.7044270833333334 0.3919270833333333 0.7057291666666666
3 0.4361979166666667 0.6158854166666666 0.4348958333333333 0.6236979166666666 0.4322916666666667 0.6263020833333334 0.4283854166666667 0.625 0.4283854166666667 0.6184895833333334 0.4309895833333333 0.6158854166666666 0.4348958333333333 0.6158854166666666
3 0.3255208333333333 0.8203125 0.328125 0.82421875 0.3268229166666667 0.8307291666666666 0.31640625 0.8372395833333334 0.3111979166666667 0.8359375 0.3111979166666667 0.8294270833333334 0.31640625 0.8229166666666666 0.32421875 0.8203125
3 0.5481770833333334 0.55078125 0.5494791666666666 0.5533854166666666 0.546875 0.5572916666666666 0.5416666666666666 0.5572916666666666 0.5416666666666666 0.5520833333333334 0.546875 0.55078125
3 0.6432291666666666 0.5950520833333334 0.6419270833333334 0.6002604166666666 0.6354166666666666 0.5989583333333334 0.63671875 0.5950520833333334 0.6419270833333334 0.5950520833333334
3 0.5677083333333334 0.4596354166666667 0.5729166666666666 0.4596354166666667 0.5716145833333334 0.4661458333333333 0.5677083333333334 0.4661458333333333 0.5677083333333334 0.4609375
3 0.5221354166666666 0.55859375 0.5221354166666666 0.5520833333333334 0.5299479166666666 0.546875 0.5338541666666666 0.546875 0.5325520833333334 0.5546875 0.5234375 0.55859375
3 0.5703125 0.52734375 0.5716145833333334 0.5325520833333334 0.5677083333333334 0.5377604166666666 0.5611979166666666 0.5403645833333334 0.5611979166666666 0.53515625 0.5690104166666666 0.5286458333333334
3 0.6822916666666666 0.3658854166666667 0.6888020833333334 0.3658854166666667 0.6940104166666666 0.3697916666666667 0.6940104166666666 0.3723958333333333 0.6901041666666666 0.3723958333333333 0.6822916666666666 0.3671875
3 0.7526041666666666 0.43359375 0.7591145833333334 0.4388020833333333 0.7604166666666666 0.4427083333333333 0.7591145833333334 0.4505208333333333 0.7552083333333334 0.4557291666666667 0.7526041666666666 0.4544270833333333 0.7526041666666666 0.4348958333333333
3 0.5299479166666666 0.4296875 0.5299479166666666 0.4205729166666667 0.53515625 0.4153645833333333 0.5390625 0.41796875 0.5377604166666666 0.4283854166666667 0.53515625 0.4309895833333333 0.53125 0.4296875
3 0.7447916666666666 0.5 0.7513020833333334 0.5013020833333334 0.75 0.5052083333333334 0.74609375 0.5052083333333334 0.7447916666666666 0.5013020833333334
3 0.6575520833333334 0.59375 0.6575520833333334 0.6002604166666666 0.65234375 0.5989583333333334 0.65625 0.59375
3 0.54296875 0.4270833333333333 0.5520833333333334 0.4388020833333333 0.5481770833333334 0.4427083333333333 0.5442708333333334 0.44140625 0.54296875 0.4388020833333333 0.5455729166666666 0.4348958333333333 0.54296875 0.4322916666666667 0.54296875 0.4283854166666667
4 0.46875 0.4700520833333333 0.4791666666666667 0.48828125 0.4817708333333333 0.5013020833333334 0.4817708333333333 0.5807291666666666 0.4791666666666667 0.5846354166666666 0.4713541666666667 0.5846354166666666 0.4674479166666667 0.5872395833333334 0.46484375 0.5846354166666666 0.46484375 0.5416666666666666 0.4609375 0.53515625 0.4635416666666667 0.47265625 0.4674479166666667 0.4700520833333333