3 0.53515625 0.6510416666666666 0.53515625 0.65625 0.5325520833333334 0.6575520833333334 0.5260416666666666 0.6575520833333334 0.5299479166666666 0.65234375 0.5338541666666666 0.6510416666666666
3 0.5852864583333334 0.5572916666666666 0.004557291666666667 0.007161458333333333
3 0.5865885416666666 0.53515625 0.00390625 0.005208333333333333
3 0.6588541666666666 0.484375 0.6614583333333334 0.4817708333333333 0.6653645833333334 0.4817708333333333 0.6653645833333334 0.4869791666666667 0.6614583333333334 0.48828125 0.66015625 0.4856770833333333
3 0.6901041666666666 0.47265625 0.6927083333333334 0.4674479166666667 0.6953125 0.4700520833333333 0.69140625 0.47265625
3 0.654296875 0.48828125 0.005208333333333333 0.005859375
3 0.6158854166666666 0.5130208333333334 0.004557291666666667 0.005859375
3 0.5807291666666666 0.55078125 0.5846354166666666 0.55078125 0.58203125 0.5559895833333334 0.5807291666666666 0.5520833333333334
3 0.69921875 0.4596354166666667 0.7018229166666666 0.4635416666666667 0.6966145833333334 0.46484375 0.6979166666666666 0.4609375
3 0.54296875 0.6328125 0.5442708333333334 0.6380208333333334 0.5403645833333334 0.6380208333333334 0.5416666666666666 0.6341145833333334
3 0.5579427083333334 0.6171875 0.005859375 0.007161458333333333
3 0.5403645833333334 0.6263020833333334 0.5442708333333334 0.6223958333333334 0.5442708333333334 0.6263020833333334 0.54296875 0.62890625 0.5416666666666666 0.6276041666666666
3 0.5325520833333334 0.640625 0.5325520833333334 0.6458333333333334 0.5286458333333334 0.6458333333333334 0.52734375 0.6432291666666666 0.53125 0.640625
3 0.5546875 0.60546875 0.55859375 0.60546875 0.5572916666666666 0.6106770833333334 0.5533854166666666 0.609375 0.5546875 0.6067708333333334
3 0.59765625 0.5299479166666666 0.59765625 0.5247395833333334 0.6002604166666666 0.5221354166666666 0.6028645833333334 0.5221354166666666 0.5989583333333334 0.5299479166666666
3 0.6809895833333334 0.4752604166666667 0.6796875 0.48046875 0.6770833333333334 0.48046875 0.6770833333333334 0.4765625 0.6796875 0.4752604166666667
3 0.6432291666666666 0.4921875 0.64453125 0.4947916666666667 0.640625 0.4973958333333333 0.6393229166666666 0.4934895833333333 0.6419270833333334 0.4921875
3 0.6015625 0.51953125 0.6015625 0.5247395833333334 0.5989583333333334 0.52734375 0.59765625 0.5260416666666666 0.59765625 0.5221354166666666 0.6002604166666666 0.5208333333333334
3 0.5162760416666666 0.66015625 0.005859375 0.005859375
3 0.7200520833333334 0.44921875 0.7174479166666666 0.4544270833333333 0.71484375 0.4544270833333333 0.71484375 0.4518229166666667 0.71875 0.44921875
3 0.58203125 0.5677083333333334 0.5846354166666666 0.5703125 0.5807291666666666 0.5755208333333334 0.58203125 0.5690104166666666
3 0.5703125 0.5963541666666666 0.5690104166666666 0.6015625 0.56640625 0.6015625 0.56640625 0.59765625 0.5690104166666666 0.5963541666666666
3 0.578125 0.5807291666666666 0.5807291666666666 0.5807291666666666 0.5807291666666666 0.5859375 0.5768229166666666 0.5859375 0.578125 0.58203125
3 0.56640625 0.5885416666666666 0.5703125 0.5911458333333334 0.5703125 0.59375 0.56640625 0.5963541666666666 0.56640625 0.58984375
3 0.5755208333333334 0.57421875 0.5794270833333334 0.57421875 0.578125 0.578125 0.5755208333333334 0.5755208333333334
3 0.5182291666666666 0.6692708333333334 0.51953125 0.6731770833333334 0.5169270833333334 0.67578125 0.5104166666666666 0.67578125 0.5104166666666666 0.6731770833333334 0.5169270833333334 0.6692708333333334
3 0.73046875 0.4401041666666667 0.734375 0.4388020833333333 0.7317708333333334 0.4440104166666667 0.73046875 0.44140625
3 0.6165364583333334 0.5071614583333334 0.005859375 0.006510416666666667
3 0.62890625 0.5052083333333334 0.6315104166666666 0.4973958333333333 0.6354166666666666 0.4973958333333333 0.6354166666666666 0.5026041666666666 0.6302083333333334 0.5052083333333334
3 0.4947916666666667 0.6829427083333334 0.012369791666666666 0.009114583333333334
1 0.4674479166666667 0.54296875 0.4986979166666667 0.55078125 0.5052083333333334 0.5559895833333334 0.5052083333333334 0.5911458333333334 0.5013020833333334 0.5963541666666666 0.4986979166666667 0.6276041666666666 0.4895833333333333 0.6354166666666666 0.4895833333333333 0.6549479166666666 0.4856770833333333 0.6575520833333334 0.4700520833333333 0.6588541666666666 0.4635416666666667 0.6640625 0.4635416666666667 0.6666666666666666 0.4583333333333333 0.671875 0.4544270833333333 0.6901041666666666 0.4479166666666667 0.703125 0.44140625 0.7057291666666666 0.4348958333333333 0.69921875 0.4244791666666667 0.69921875 0.4153645833333333 0.6953125 0.4010416666666667 0.6953125 0.39453125 0.6901041666666666 0.3893229166666667 0.6901041666666666 0.3828125 0.66796875 0.3828125 0.6549479166666666 0.3854166666666667 0.6471354166666666 0.38671875 0.62890625 0.40625 0.6028645833333334 0.4049479166666667 0.5885416666666666 0.41015625 0.5885416666666666 0.4140625 0.5846354166666666 0.4205729166666667 0.5703125 0.44140625 0.5481770833333334 0.4596354166666667 0.5481770833333334 0.4661458333333333 0.5442708333333334