3 0.6953125 0.3177083333333333 0.6953125 0.3138020833333333 0.70703125 0.3020833333333333 0.7096354166666666 0.3033854166666667 0.7083333333333334 0.3098958333333333 0.7005208333333334 0.3177083333333333 0.6966145833333334 0.3177083333333333
3 0.7109375 0.30859375 0.7122395833333334 0.3177083333333333 0.703125 0.3255208333333333 0.7018229166666666 0.3190104166666667 0.7057291666666666 0.3111979166666667 0.7096354166666666 0.30859375
3 0.58203125 0.7604166666666666 0.5885416666666666 0.7708333333333334 0.5885416666666666 0.7786458333333334 0.5924479166666666 0.7864583333333334 0.58984375 0.7955729166666666 0.5833333333333334 0.80078125 0.578125 0.80078125 0.57421875 0.796875 0.5716145833333334 0.7890625 0.5716145833333334 0.7786458333333334 0.57421875 0.7734375 0.5729166666666666 0.7643229166666666 0.57421875 0.76171875 0.5807291666666666 0.7604166666666666
3 0.6966145833333334 0.35546875 0.6979166666666666 0.359375 0.6940104166666666 0.36328125 0.6888020833333334 0.36328125 0.6888020833333334 0.3606770833333333 0.6953125 0.35546875
3 0.7135416666666666 0.2994791666666667 0.7161458333333334 0.3020833333333333 0.7135416666666666 0.31640625 0.7096354166666666 0.3190104166666667 0.70703125 0.3177083333333333 0.7096354166666666 0.3138020833333333 0.7083333333333334 0.3111979166666667 0.7109375 0.3033854166666667 0.7135416666666666 0.30078125
3 0.6458333333333334 0.4557291666666667 0.6471354166666666 0.4596354166666667 0.64453125 0.4622395833333333 0.640625 0.4622395833333333 0.6380208333333334 0.45703125 0.6393229166666666 0.4544270833333333 0.64453125 0.4557291666666667
3 0.7096354166666666 0.3111979166666667 0.7122395833333334 0.3125 0.7135416666666666 0.3177083333333333 0.70703125 0.3307291666666667 0.7018229166666666 0.3255208333333333 0.703125 0.3203125 0.7096354166666666 0.3125
3 0.6575520833333334 0.4114583333333333 0.6653645833333334 0.4114583333333333 0.6614583333333334 0.4153645833333333 0.6575520833333334 0.4153645833333333 0.6575520833333334 0.4127604166666667
3 0.70703125 0.33203125 0.7083333333333334 0.3255208333333333 0.7122395833333334 0.328125 0.7122395833333334 0.3307291666666667 0.7083333333333334 0.33203125
3 0.703125 0.3333333333333333 0.7057291666666666 0.3346354166666667 0.703125 0.3424479166666667 0.6966145833333334 0.3424479166666667 0.69921875 0.3359375 0.7018229166666666 0.3346354166666667
3 0.6184895833333334 0.5859375 0.6302083333333334 0.5950520833333334 0.6302083333333334 0.6002604166666666 0.6328125 0.6041666666666666 0.6302083333333334 0.61328125 0.6328125 0.6158854166666666 0.6302083333333334 0.6158854166666666 0.6119791666666666 0.5950520833333334 0.6106770833333334 0.5859375 0.6171875 0.5859375
3 0.703125 0.30859375 0.7044270833333334 0.3138020833333333 0.7018229166666666 0.3177083333333333 0.69921875 0.3203125 0.6940104166666666 0.3190104166666667 0.6953125 0.3138020833333333 0.7018229166666666 0.3098958333333333
3 0.6276041666666666 0.4739583333333333 0.6328125 0.4752604166666667 0.6328125 0.4791666666666667 0.62890625 0.4791666666666667 0.6276041666666666 0.4752604166666667
3 0.7057291666666666 0.32421875 0.7096354166666666 0.32421875 0.7135416666666666 0.3307291666666667 0.70703125 0.3359375 0.7044270833333334 0.3307291666666667 0.7057291666666666 0.3255208333333333
3 0.6927083333333334 0.375 0.69140625 0.3697916666666667 0.6953125 0.3671875 0.6979166666666666 0.3684895833333333 0.69921875 0.3763020833333333 0.6940104166666666 0.375
3 0.7161458333333334 0.2942708333333333 0.7174479166666666 0.2994791666666667 0.7109375 0.3125 0.70703125 0.3111979166666667 0.70703125 0.3033854166666667 0.71484375 0.2942708333333333
3 0.6966145833333334 0.3385416666666667 0.6979166666666666 0.34375 0.6901041666666666 0.3450520833333333 0.6901041666666666 0.3424479166666667 0.6953125 0.33984375
3 0.61328125 0.5833333333333334 0.6184895833333334 0.5846354166666666 0.62890625 0.5950520833333334 0.6276041666666666 0.6002604166666666 0.6171875 0.5989583333333334 0.6106770833333334 0.5872395833333334 0.6119791666666666 0.5846354166666666
3 0.7135416666666666 0.31640625 0.71484375 0.3177083333333333 0.7109375 0.3203125 0.7135416666666666 0.33203125 0.7109375 0.3333333333333333 0.7057291666666666 0.3333333333333333 0.7044270833333334 0.3268229166666667 0.70703125 0.3203125 0.7122395833333334 0.31640625
3 0.7135416666666666 0.3033854166666667 0.71484375 0.31640625 0.7096354166666666 0.3229166666666667 0.7057291666666666 0.3229166666666667 0.7083333333333334 0.3111979166666667 0.7135416666666666 0.3046875
3 0.71875 0.29296875 0.7200520833333334 0.2981770833333333 0.7135416666666666 0.30859375 0.7096354166666666 0.3072916666666667 0.7096354166666666 0.2994791666666667 0.7109375 0.2955729166666667 0.7174479166666666 0.29296875
3 0.5989583333333334 0.5091145833333334 0.6002604166666666 0.515625 0.5885416666666666 0.5130208333333334 0.5885416666666666 0.5104166666666666 0.59765625 0.5091145833333334
3 0.7057291666666666 0.3033854166666667 0.7083333333333334 0.3033854166666667 0.7083333333333334 0.3111979166666667 0.7005208333333334 0.3190104166666667 0.6953125 0.3177083333333333 0.6953125 0.3151041666666667 0.7057291666666666 0.3046875
3 0.6106770833333334 0.5208333333333334 0.6106770833333334 0.52734375 0.6041666666666666 0.5260416666666666 0.6041666666666666 0.5221354166666666 0.609375 0.5208333333333334
3 0.5911458333333334 0.5299479166666666 0.5924479166666666 0.5325520833333334 0.58984375 0.53515625 0.5794270833333334 0.5403645833333334 0.5755208333333334 0.5377604166666666 0.5768229166666666 0.5325520833333334 0.58984375 0.5299479166666666
3 0.6080729166666666 0.5065104166666666 0.6080729166666666 0.5104166666666666 0.60546875 0.5130208333333334 0.6015625 0.5130208333333334 0.5989583333333334 0.5091145833333334 0.6067708333333334 0.5065104166666666
3 0.7135416666666666 0.3040364583333333 0.011067708333333334 0.018229166666666668
3 0.671875 0.39453125 0.671875 0.3984375 0.66796875 0.3984375 0.66796875 0.3958333333333333 0.6705729166666666 0.39453125
3 0.7057291666666666 0.33203125 0.7057291666666666 0.3385416666666667 0.7005208333333334 0.3385416666666667 0.7005208333333334 0.3346354166666667 0.7044270833333334 0.3333333333333333
3 0.7109375 0.3098958333333333 0.7096354166666666 0.30078125 0.7109375 0.296875 0.7161458333333334 0.29296875 0.72265625 0.29296875 0.72265625 0.2955729166666667 0.7122395833333334 0.3098958333333333
3 0.58203125 0.5325520833333334 0.5846354166666666 0.5299479166666666 0.5911458333333334 0.5299479166666666 0.5924479166666666 0.5325520833333334 0.58984375 0.53515625 0.5833333333333334 0.5338541666666666
3 0.6302083333333334 0.4622395833333333 0.6315104166666666 0.4674479166666667 0.6276041666666666 0.46875 0.6236979166666666 0.46875 0.6223958333333334 0.4661458333333333 0.62890625 0.4622395833333333
3 0.7135416666666666 0.3059895833333333 0.71484375 0.3177083333333333 0.70703125 0.3216145833333333 0.70703125 0.31640625 0.7135416666666666 0.3072916666666667
3 0.5833333333333334 0.5455729166666666 0.5846354166666666 0.5559895833333334 0.5885416666666666 0.5598958333333334 0.5885416666666666 0.5638020833333334 0.57421875 0.5559895833333334 0.5768229166666666 0.546875 0.58203125 0.5455729166666666
3 0.7096354166666666 0.296875 0.71484375 0.296875 0.7135416666666666 0.3072916666666667 0.7096354166666666 0.3125 0.7044270833333334 0.3098958333333333 0.7044270833333334 0.3046875 0.7096354166666666 0.2981770833333333
3 0.70703125 0.3424479166666667 0.7096354166666666 0.3463541666666667 0.70703125 0.3463541666666667 0.703125 0.3515625 0.69921875 0.3450520833333333 0.7057291666666666 0.3424479166666667
3 0.7213541666666666 0.29296875 0.7200520833333334 0.30078125 0.7135416666666666 0.30859375 0.7109375 0.30859375 0.70703125 0.3033854166666667 0.7096354166666666 0.30078125 0.7096354166666666 0.296875 0.7135416666666666 0.29296875 0.7200520833333334 0.29296875
3 0.6927083333333334 0.31640625 0.7005208333333334 0.3138020833333333 0.7005208333333334 0.3216145833333333 0.6966145833333334 0.3255208333333333 0.6927083333333334 0.3216145833333333 0.6927083333333334 0.3177083333333333
3 0.5755208333333334 0.5794270833333334 0.5846354166666666 0.5846354166666666 0.5846354166666666 0.5885416666666666 0.578125 0.5911458333333334 0.57421875 0.5911458333333334 0.5716145833333334 0.5885416666666666 0.5716145833333334 0.5807291666666666 0.57421875 0.5794270833333334
3 0.7096354166666666 0.3190104166666667 0.7109375 0.3307291666666667 0.7057291666666666 0.3359375 0.7005208333333334 0.3346354166666667 0.7018229166666666 0.32421875 0.7083333333333334 0.3190104166666667
3 0.697265625 0.3190104166666667 0.011067708333333334 0.013671875
3 0.6302083333333334 0.4622395833333333 0.6328125 0.4635416666666667 0.6328125 0.4661458333333333 0.6276041666666666 0.4700520833333333 0.6223958333333334 0.4700520833333333 0.62109375 0.4661458333333333 0.62890625 0.4635416666666667
3 0.68359375 0.3880208333333333 0.6848958333333334 0.3919270833333333 0.6796875 0.3919270833333333 0.6796875 0.3893229166666667 0.6822916666666666 0.3880208333333333
3 0.6653645833333334 0.4192708333333333 0.6692708333333334 0.4231770833333333 0.66796875 0.4270833333333333 0.6614583333333334 0.4244791666666667 0.6614583333333334 0.4205729166666667 0.6640625 0.4192708333333333
3 0.7135416666666666 0.2955729166666667 0.7135416666666666 0.3072916666666667 0.7044270833333334 0.3138020833333333 0.703125 0.3046875 0.7122395833333334 0.2955729166666667
3 0.5846354166666666 0.546875 0.5846354166666666 0.5520833333333334 0.58203125 0.5546875 0.578125 0.5546875 0.5755208333333334 0.55078125 0.578125 0.546875 0.5833333333333334 0.546875
3 0.71875 0.29296875 0.7213541666666666 0.296875 0.7122395833333334 0.3111979166666667 0.7083333333333334 0.3098958333333333 0.70703125 0.3033854166666667 0.7109375 0.2955729166666667 0.7174479166666666 0.29296875
3 0.7005208333333334 0.3346354166666667 0.7005208333333334 0.32421875 0.7057291666666666 0.3203125 0.7057291666666666 0.3307291666666667 0.7044270833333334 0.3346354166666667 0.7018229166666666 0.3346354166666667
3 0.6197916666666666 0.4947916666666667 0.6236979166666666 0.49609375 0.6276041666666666 0.5026041666666666 0.6236979166666666 0.5052083333333334 0.6197916666666666 0.50390625 0.6171875 0.5 0.6184895833333334 0.49609375
3 0.6080729166666666 0.4869791666666667 0.6197916666666666 0.4830729166666667 0.6184895833333334 0.48828125 0.61328125 0.4908854166666667 0.609375 0.48828125
3 0.6744791666666666 0.38671875 0.6783854166666666 0.37890625 0.68359375 0.37890625 0.68359375 0.3815104166666667 0.6783854166666666 0.38671875 0.6796875 0.390625 0.6770833333333334 0.390625 0.67578125 0.3880208333333333
3 0.6959635416666666 0.3411458333333333 0.014322916666666666 0.013020833333333334
3 0.5911458333333334 0.7005208333333334 0.5963541666666666 0.703125 0.5963541666666666 0.7239583333333334 0.5833333333333334 0.7369791666666666 0.5690104166666666 0.7434895833333334 0.55859375 0.7421875 0.5533854166666666 0.734375 0.5546875 0.7291666666666666 0.5625 0.7161458333333334 0.5755208333333334 0.7109375 0.58984375 0.7005208333333334
3 0.6783854166666666 0.3841145833333333 0.6796875 0.37890625 0.6848958333333334 0.3802083333333333 0.6796875 0.3841145833333333
3 0.7083333333333334 0.3450520833333333 0.7096354166666666 0.3541666666666667 0.703125 0.3541666666666667 0.703125 0.34765625 0.70703125 0.3450520833333333
3 0.7018229166666666 0.3229166666666667 0.703125 0.32421875 0.69921875 0.3307291666666667 0.6966145833333334 0.3307291666666667 0.6953125 0.3268229166666667 0.7005208333333334 0.3229166666666667
3 0.7083333333333334 0.3502604166666667 0.7122395833333334 0.35546875 0.703125 0.359375 0.703125 0.3528645833333333 0.70703125 0.3502604166666667
3 0.6731770833333334 0.4036458333333333 0.6731770833333334 0.4088541666666667 0.6692708333333334 0.4075520833333333 0.6692708333333334 0.4049479166666667 0.671875 0.4036458333333333
3 0.7200520833333334 0.2942708333333333 0.7200520833333334 0.2981770833333333 0.7135416666666666 0.3072916666666667 0.7096354166666666 0.3059895833333333 0.7096354166666666 0.2994791666666667 0.7135416666666666 0.2942708333333333 0.71875 0.2942708333333333
3 0.7096354166666666 0.3111979166666667 0.7135416666666666 0.3151041666666667 0.7096354166666666 0.32421875 0.7096354166666666 0.3307291666666667 0.7057291666666666 0.33203125 0.7018229166666666 0.3268229166666667 0.7044270833333334 0.3177083333333333 0.7096354166666666 0.3125
3 0.6171875 0.5247395833333334 0.6223958333333334 0.5299479166666666 0.6223958333333334 0.53515625 0.6197916666666666 0.5364583333333334 0.6080729166666666 0.5338541666666666 0.6041666666666666 0.52734375 0.60546875 0.5208333333333334 0.6119791666666666 0.5208333333333334 0.6158854166666666 0.5247395833333334
3 0.61328125 0.484375 0.6197916666666666 0.4830729166666667 0.6197916666666666 0.4869791666666667 0.6171875 0.48828125 0.6145833333333334 0.48828125 0.61328125 0.4856770833333333
3 0.7122395833333334 0.3151041666666667 0.7122395833333334 0.3307291666666667 0.70703125 0.3333333333333333 0.703125 0.3294270833333333 0.703125 0.3229166666666667 0.7057291666666666 0.3177083333333333 0.7109375 0.3151041666666667
3 0.6106770833333334 0.65625 0.6302083333333334 0.6705729166666666 0.6315104166666666 0.6822916666666666 0.6341145833333334 0.6848958333333334 0.6328125 0.6927083333333334 0.62109375 0.69140625 0.609375 0.6848958333333334 0.6041666666666666 0.6731770833333334 0.60546875 0.6588541666666666 0.609375 0.65625
3 0.6080729166666666 0.6158854166666666 0.6145833333333334 0.6145833333333334 0.6171875 0.6171875 0.6158854166666666 0.6315104166666666 0.6106770833333334 0.6354166666666666 0.60546875 0.6354166666666666 0.6002604166666666 0.6302083333333334 0.6015625 0.6223958333333334 0.6080729166666666 0.6171875
3 0.71875 0.2955729166666667 0.7200520833333334 0.2994791666666667 0.7122395833333334 0.3138020833333333 0.7083333333333334 0.3111979166666667 0.7083333333333334 0.3033854166666667 0.7135416666666666 0.2955729166666667 0.7174479166666666 0.2955729166666667
3 0.7083333333333334 0.31640625 0.7096354166666666 0.3203125 0.703125 0.3294270833333333 0.69921875 0.3229166666666667 0.703125 0.3177083333333333 0.70703125 0.31640625
3 0.6692708333333334 0.3958333333333333 0.671875 0.3971354166666667 0.6653645833333334 0.4010416666666667 0.6627604166666666 0.3997395833333333 0.6627604166666666 0.3971354166666667 0.66796875 0.3958333333333333
3 0.7096354166666666 0.296875 0.7122395833333334 0.296875 0.7096354166666666 0.3072916666666667 0.703125 0.3138020833333333 0.6966145833333334 0.3138020833333333 0.703125 0.3033854166666667 0.70703125 0.3020833333333333 0.7096354166666666 0.2981770833333333
3 0.7096354166666666 0.3098958333333333 0.70703125 0.3033854166666667 0.7109375 0.2955729166666667 0.71484375 0.29296875 0.71875 0.29296875 0.7213541666666666 0.2955729166666667 0.7135416666666666 0.3098958333333333 0.7109375 0.3098958333333333
3 0.72265625 0.29296875 0.7200520833333334 0.30078125 0.7135416666666666 0.3072916666666667 0.7109375 0.3072916666666667 0.7096354166666666 0.3046875 0.7109375 0.2955729166666667 0.71484375 0.29296875 0.7213541666666666 0.29296875
3 0.5611979166666666 0.828125 0.5677083333333334 0.8346354166666666 0.5677083333333334 0.8450520833333334 0.5638020833333334 0.8541666666666666 0.5638020833333334 0.87109375 0.5533854166666666 0.88671875 0.5494791666666666 0.8893229166666666 0.5403645833333334 0.8841145833333334 0.5364583333333334 0.87109375 0.53515625 0.8541666666666666 0.5390625 0.8463541666666666 0.5572916666666666 0.8294270833333334 0.5598958333333334 0.8294270833333334
3 0.71875 0.2942708333333333 0.71875 0.2981770833333333 0.7109375 0.3111979166666667 0.70703125 0.3098958333333333 0.7057291666666666 0.3033854166666667 0.7122395833333334 0.2942708333333333 0.7174479166666666 0.2942708333333333
3 0.5911458333333334 0.7005208333333334 0.5963541666666666 0.7044270833333334 0.59375 0.7213541666666666 0.5807291666666666 0.7369791666666666 0.5755208333333334 0.7369791666666666 0.5716145833333334 0.7330729166666666 0.5677083333333334 0.7174479166666666 0.5703125 0.7135416666666666 0.5807291666666666 0.7083333333333334 0.5859375 0.7018229166666666 0.58984375 0.7005208333333334
3 0.63671875 0.4485677083333333 0.01171875 0.0078125
3 0.5651041666666666 0.9127604166666666 0.5716145833333334 0.9166666666666666 0.5755208333333334 0.9322916666666666 0.5846354166666666 0.94921875 0.5859375 0.9700520833333334 0.5807291666666666 0.9869791666666666 0.5755208333333334 0.9921875 0.5651041666666666 0.9869791666666666 0.55859375 0.9713541666666666 0.5598958333333334 0.9166666666666666 0.5638020833333334 0.9140625
3 0.7154947916666666 0.3020833333333333 0.013671875 0.017578125
3 0.60546875 0.6575520833333334 0.6119791666666666 0.65625 0.6145833333333334 0.6614583333333334 0.6223958333333334 0.66796875 0.62109375 0.67578125 0.6106770833333334 0.6770833333333334 0.60546875 0.6731770833333334 0.60546875 0.6588541666666666
3 0.64453125 0.4322916666666667 0.6458333333333334 0.4283854166666667 0.6536458333333334 0.4283854166666667 0.6510416666666666 0.4322916666666667 0.6458333333333334 0.4322916666666667
3 0.5221354166666666 0.8138020833333334 0.5234375 0.8203125 0.51953125 0.83203125 0.50390625 0.8450520833333334 0.484375 0.8658854166666666 0.46875 0.87109375 0.4674479166666667 0.8619791666666666 0.4778645833333333 0.8424479166666666 0.4921875 0.8411458333333334 0.5052083333333334 0.8268229166666666 0.5130208333333334 0.8229166666666666 0.5208333333333334 0.8151041666666666
3 0.703125 0.3333333333333333 0.7057291666666666 0.3346354166666667 0.7044270833333334 0.3450520833333333 0.69140625 0.3450520833333333 0.7018229166666666 0.3346354166666667
3 0.6484375 0.4375 0.65234375 0.4361979166666667 0.6575520833333334 0.4401041666666667 0.6575520833333334 0.4440104166666667 0.6510416666666666 0.4440104166666667 0.6484375 0.4427083333333333 0.6484375 0.4388020833333333
3 0.5794270833333334 0.7591145833333334 0.5833333333333334 0.7604166666666666 0.5885416666666666 0.7682291666666666 0.59375 0.79296875 0.5833333333333334 0.8098958333333334 0.578125 0.8125 0.57421875 0.8046875 0.56640625 0.7981770833333334 0.5638020833333334 0.79296875 0.56640625 0.7708333333333334 0.5729166666666666 0.7604166666666666 0.578125 0.7591145833333334
3 0.6966145833333334 0.3268229166666667 0.6927083333333334 0.3177083333333333 0.6966145833333334 0.3151041666666667 0.7005208333333334 0.3177083333333333 0.7005208333333334 0.32421875 0.6979166666666666 0.3255208333333333
3 0.6940104166666666 0.3177083333333333 0.6953125 0.3138020833333333 0.703125 0.3072916666666667 0.7044270833333334 0.3125 0.69921875 0.3177083333333333 0.6953125 0.3177083333333333
3 0.5611979166666666 0.828125 0.5651041666666666 0.8294270833333334 0.5677083333333334 0.8333333333333334 0.5677083333333334 0.859375 0.5598958333333334 0.8802083333333334 0.55078125 0.8919270833333334 0.5416666666666666 0.8971354166666666 0.53515625 0.8971354166666666 0.5221354166666666 0.88671875 0.5169270833333334 0.8802083333333334 0.5169270833333334 0.8763020833333334 0.5208333333333334 0.8697916666666666 0.51953125 0.8658854166666666 0.5221354166666666 0.85546875 0.5325520833333334 0.85546875 0.5442708333333334 0.8411458333333334 0.5572916666666666 0.8294270833333334 0.5598958333333334 0.8294270833333334