3 0.44140625 0.845703125 0.012369791666666666 0.015625
3 0.48828125 0.6953125 0.4908854166666667 0.6953125 0.4921875 0.6979166666666666 0.4895833333333333 0.7005208333333334 0.48828125 0.6966145833333334
3 0.4986979166666667 0.6731770833333334 0.5 0.6783854166666666 0.49609375 0.6783854166666666 0.4973958333333333 0.6744791666666666
3 0.5130208333333334 0.6432291666666666 0.5143229166666666 0.6471354166666666 0.5091145833333334 0.6536458333333334 0.5078125 0.6458333333333334 0.51171875 0.6432291666666666
3 0.453125 0.7838541666666666 0.4583333333333333 0.78515625 0.45703125 0.79296875 0.4518229166666667 0.7890625 0.453125 0.78515625
3 0.48828125 0.6861979166666666 0.4921875 0.6861979166666666 0.4908854166666667 0.69140625 0.48828125 0.69140625 0.48828125 0.6875
3 0.515625 0.6041666666666666 0.5143229166666666 0.6119791666666666 0.5104166666666666 0.6119791666666666 0.5104166666666666 0.609375 0.515625 0.60546875
3 0.4609375 0.7565104166666666 0.46484375 0.7578125 0.4635416666666667 0.7630208333333334 0.4609375 0.76171875 0.4609375 0.7578125
3 0.4505208333333333 0.8046875 0.4518229166666667 0.8098958333333334 0.4557291666666667 0.8138020833333334 0.453125 0.8177083333333334 0.44921875 0.8177083333333334 0.4466145833333333 0.8138020833333334 0.4466145833333333 0.8059895833333334 0.44921875 0.8046875
3 0.4466145833333333 0.79296875 0.4518229166666667 0.7942708333333334 0.4518229166666667 0.7994791666666666 0.44921875 0.8020833333333334 0.4453125 0.7994791666666666 0.4466145833333333 0.7942708333333334
3 0.44140625 0.8255208333333334 0.008463541666666666 0.011067708333333334
3 0.4244791666666667 0.8502604166666666 0.4296875 0.8502604166666666 0.4322916666666667 0.85546875 0.4322916666666667 0.859375 0.4296875 0.8619791666666666 0.42578125 0.8619791666666666 0.4231770833333333 0.8567708333333334 0.4244791666666667 0.8515625
3 0.48046875 0.7005208333333334 0.4830729166666667 0.7018229166666666 0.4817708333333333 0.70703125 0.48046875 0.7018229166666666
3 0.5104166666666666 0.6575520833333334 0.515625 0.65625 0.515625 0.66015625 0.51171875 0.6588541666666666
3 0.5065104166666666 0.66796875 0.5091145833333334 0.66796875 0.5091145833333334 0.6731770833333334 0.5052083333333334 0.671875 0.5065104166666666 0.6692708333333334
3 0.4518229166666667 0.7721354166666666 0.4557291666666667 0.7721354166666666 0.45703125 0.7747395833333334 0.453125 0.7786458333333334 0.4518229166666667 0.7734375
3 0.3984375 0.8932291666666666 0.4049479166666667 0.8997395833333334 0.4049479166666667 0.9088541666666666 0.4010416666666667 0.9114583333333334 0.3932291666666667 0.9075520833333334 0.3932291666666667 0.8958333333333334 0.3971354166666667 0.8932291666666666
3 0.5182291666666666 0.6002604166666666 0.5182291666666666 0.6067708333333334 0.515625 0.6080729166666666 0.5169270833333334 0.61328125 0.5143229166666666 0.61328125 0.5169270833333334 0.6015625
3 0.396484375 0.9264322916666666 0.013671875 0.020833333333333332
3 0.3502604166666667 0.9713541666666666 0.3528645833333333 0.9739583333333334 0.3541666666666667 0.9817708333333334 0.3528645833333333 0.9856770833333334 0.3463541666666667 0.9908854166666666 0.34375 0.9869791666666666 0.34375 0.9765625 0.3489583333333333 0.9713541666666666
3 0.494140625 0.6940104166666666 0.029296875 0.046223958333333336
3 0.4765625 0.7278645833333334 0.48046875 0.7278645833333334 0.4817708333333333 0.73046875 0.4817708333333333 0.734375 0.4778645833333333 0.7356770833333334 0.4765625 0.7291666666666666
3 0.5052083333333334 0.6653645833333334 0.5065104166666666 0.66015625 0.5091145833333334 0.66015625 0.5065104166666666 0.6653645833333334
3 0.4641927083333333 0.765625 0.005859375 0.016276041666666668
3 0.4739583333333333 0.7473958333333334 0.4752604166666667 0.7526041666666666 0.4713541666666667 0.7526041666666666 0.47265625 0.7486979166666666
3 0.4114583333333333 0.8723958333333334 0.4166666666666667 0.8723958333333334 0.4192708333333333 0.8776041666666666 0.4192708333333333 0.8815104166666666 0.4166666666666667 0.8841145833333334 0.4127604166666667 0.8841145833333334 0.41015625 0.8802083333333334 0.4114583333333333 0.8736979166666666
3 0.4153645833333333 0.88671875 0.4205729166666667 0.8958333333333334 0.4205729166666667 0.9010416666666666 0.41796875 0.9036458333333334 0.4088541666666667 0.8984375 0.4088541666666667 0.890625 0.4140625 0.88671875
3 0.4739583333333333 0.7369791666666666 0.4739583333333333 0.7473958333333334 0.4739583333333333 0.7447916666666666 0.4700520833333333 0.7421875 0.4700520833333333 0.73828125 0.47265625 0.7369791666666666
3 0.3619791666666667 0.953125 0.3671875 0.953125 0.3697916666666667 0.9596354166666666 0.3684895833333333 0.9700520833333334 0.359375 0.9713541666666666 0.35546875 0.96484375 0.3619791666666667 0.9544270833333334
3 0.515625 0.61328125 0.51953125 0.6145833333333334 0.51953125 0.6171875 0.5169270833333334 0.6171875 0.515625 0.6145833333333334
3 0.4973958333333333 0.6809895833333334 0.5 0.6822916666666666 0.4986979166666667 0.6861979166666666 0.49609375 0.6861979166666666 0.4973958333333333 0.6822916666666666
3 0.3841145833333333 0.9309895833333334 0.390625 0.9440104166666666 0.390625 0.94921875 0.38671875 0.9518229166666666 0.3802083333333333 0.9505208333333334 0.3736979166666667 0.9453125 0.375 0.93359375 0.3828125 0.9309895833333334