3 0.4973958333333333 0.7721354166666666 0.50390625 0.7630208333333334 0.5078125 0.7630208333333334 0.5078125 0.7721354166666666 0.5026041666666666 0.7760416666666666 0.5 0.7760416666666666 0.4986979166666667 0.7734375
3 0.5013020833333334 0.5286458333333334 0.5013020833333334 0.5325520833333334 0.4986979166666667 0.53515625 0.4973958333333333 0.5325520833333334 0.5 0.5299479166666666
3 0.5052083333333334 0.4739583333333333 0.5052083333333334 0.4856770833333333 0.5026041666666666 0.4830729166666667 0.50390625 0.4752604166666667
3 0.5052083333333334 0.5598958333333334 0.5078125 0.5703125 0.5052083333333334 0.5729166666666666 0.5026041666666666 0.5716145833333334 0.5013020833333334 0.5638020833333334 0.50390625 0.5611979166666666
3 0.5013020833333334 0.5950520833333334 0.5052083333333334 0.5963541666666666 0.5052083333333334 0.60546875 0.5078125 0.6106770833333334 0.5065104166666666 0.61328125 0.5026041666666666 0.61328125 0.5026041666666666 0.609375 0.4973958333333333 0.60546875 0.4973958333333333 0.6002604166666666 0.5013020833333334 0.5963541666666666
3 0.50390625 0.5716145833333334 0.5065104166666666 0.5794270833333334 0.5052083333333334 0.5846354166666666 0.4986979166666667 0.5768229166666666 0.4986979166666667 0.5729166666666666 0.5026041666666666 0.5716145833333334
3 0.5 0.51171875 0.5026041666666666 0.51171875 0.5052083333333334 0.5234375 0.5052083333333334 0.5364583333333334 0.5 0.5377604166666666 0.4973958333333333 0.53515625 0.4973958333333333 0.5182291666666666 0.5 0.5130208333333334
3 0.4986979166666667 0.484375 0.5013020833333334 0.484375 0.5026041666666666 0.4869791666666667 0.5013020833333334 0.5013020833333334 0.49609375 0.49609375 0.49609375 0.48828125 0.4986979166666667 0.4856770833333333
3 0.4986979166666667 0.6015625 0.5052083333333334 0.6015625 0.5078125 0.609375 0.5078125 0.6119791666666666 0.50390625 0.61328125 0.4986979166666667 0.6028645833333334
3 0.4986979166666667 0.5325520833333334 0.4973958333333333 0.5182291666666666 0.4986979166666667 0.5130208333333334 0.5026041666666666 0.5091145833333334 0.5052083333333334 0.5104166666666666 0.5065104166666666 0.5260416666666666 0.5052083333333334 0.5325520833333334 0.5 0.5325520833333334
3 0.4986979166666667 0.52734375 0.5013020833333334 0.52734375 0.5052083333333334 0.5325520833333334 0.5052083333333334 0.54296875 0.5026041666666666 0.5455729166666666 0.4986979166666667 0.5455729166666666 0.4986979166666667 0.5286458333333334
3 0.5 0.9427083333333334 0.4986979166666667 0.93359375 0.5091145833333334 0.9192708333333334 0.5130208333333334 0.9192708333333334 0.515625 0.9231770833333334 0.5143229166666666 0.9361979166666666 0.5091145833333334 0.9440104166666666 0.5013020833333334 0.9427083333333334
3 0.4973958333333333 0.6822916666666666 0.5 0.6848958333333334 0.4986979166666667 0.6901041666666666 0.4947916666666667 0.6901041666666666 0.4921875 0.6861979166666666 0.49609375 0.6822916666666666
3 0.4986979166666667 0.4973958333333333 0.5013020833333334 0.5026041666666666 0.5 0.5143229166666666 0.4973958333333333 0.515625 0.4947916666666667 0.51171875 0.4947916666666667 0.5026041666666666 0.4973958333333333 0.4986979166666667
3 0.5 0.4609375 0.5 0.4544270833333333 0.5026041666666666 0.45703125 0.5013020833333334 0.4609375
3 0.5013020833333334 0.4309895833333333 0.5052083333333334 0.4388020833333333 0.5026041666666666 0.4466145833333333 0.5052083333333334 0.44921875 0.5052083333333334 0.4596354166666667 0.5013020833333334 0.4635416666666667 0.5 0.4622395833333333 0.5013020833333334 0.44921875 0.4986979166666667 0.4427083333333333 0.5013020833333334 0.4322916666666667
3 0.5026041666666666 0.5475260416666666 0.005859375 0.009114583333333334
3 0.4973958333333333 0.5533854166666666 0.5026041666666666 0.5520833333333334 0.5052083333333334 0.5546875 0.5065104166666666 0.5651041666666666 0.50390625 0.5703125 0.4973958333333333 0.5638020833333334 0.4986979166666667 0.5546875
3 0.4973958333333333 0.7109375 0.5 0.71484375 0.4986979166666667 0.7213541666666666 0.4947916666666667 0.7213541666666666 0.4908854166666667 0.7174479166666666 0.4921875 0.7122395833333334 0.49609375 0.7109375
3 0.5026041666666666 0.5299479166666666 0.4986979166666667 0.5234375 0.5 0.51171875 0.5052083333333334 0.5104166666666666 0.50390625 0.5286458333333334
3 0.5 0.4635416666666667 0.5013020833333334 0.4583333333333333 0.5052083333333334 0.45703125 0.5052083333333334 0.4622395833333333 0.5013020833333334 0.4661458333333333 0.5026041666666666 0.4700520833333333 0.4986979166666667 0.47265625 0.5013020833333334 0.46484375
3 0.4986979166666667 0.5325520833333334 0.5013020833333334 0.5325520833333334 0.5026041666666666 0.53515625 0.5026041666666666 0.5494791666666666 0.5052083333333334 0.5546875 0.50390625 0.55859375 0.5 0.55859375 0.4973958333333333 0.5546875 0.49609375 0.5390625 0.4986979166666667 0.5338541666666666
3 0.5 0.52734375 0.5052083333333334 0.5286458333333334 0.5052083333333334 0.5442708333333334 0.4986979166666667 0.5442708333333334 0.4973958333333333 0.5416666666666666 0.4973958333333333 0.5325520833333334 0.5 0.5286458333333334
3 0.5026041666666666 0.5989583333333334 0.50390625 0.6028645833333334 0.5013020833333334 0.60546875 0.4973958333333333 0.60546875 0.49609375 0.6028645833333334 0.5013020833333334 0.5989583333333334
3 0.501953125 0.501953125 0.00390625 0.022135416666666668
3 0.4986979166666667 0.546875 0.5026041666666666 0.5533854166666666 0.5013020833333334 0.5559895833333334 0.49609375 0.5533854166666666 0.4973958333333333 0.5481770833333334
3 0.5052083333333334 0.515625 0.5052083333333334 0.5247395833333334 0.5013020833333334 0.5221354166666666 0.5013020833333334 0.5169270833333334 0.50390625 0.515625
3 0.501953125 0.4986979166666667 0.0013020833333333333 0.007161458333333333
3 0.5026041666666666 0.8880208333333334 0.5065104166666666 0.9036458333333334 0.4986979166666667 0.9114583333333334 0.48828125 0.90625 0.4869791666666667 0.8971354166666666 0.49609375 0.8880208333333334 0.5013020833333334 0.8880208333333334
3 0.5071614583333334 0.8671875 0.014322916666666666 0.020833333333333332
3 0.5006510416666666 0.5631510416666666 0.0078125 0.0078125
3 0.5013020833333334 0.5703125 0.5026041666666666 0.5794270833333334 0.5052083333333334 0.58203125 0.4986979166666667 0.578125 0.4973958333333333 0.5729166666666666 0.5 0.5716145833333334
3 0.4986979166666667 0.6197916666666666 0.008463541666666666 0.008463541666666666
3 0.5052083333333334 0.5572916666666666 0.5078125 0.56640625 0.5078125 0.5703125 0.5052083333333334 0.5729166666666666 0.5026041666666666 0.5729166666666666 0.4986979166666667 0.5651041666666666 0.4986979166666667 0.5611979166666666 0.50390625 0.5572916666666666
3 0.4973958333333333 0.6744791666666666 0.5026041666666666 0.66796875 0.5065104166666666 0.66796875 0.5078125 0.6744791666666666 0.5013020833333334 0.6796875 0.4986979166666667 0.67578125
3 0.4947916666666667 0.7838541666666666 0.5 0.7877604166666666 0.5013020833333334 0.796875 0.4973958333333333 0.7994791666666666 0.4908854166666667 0.796875 0.48828125 0.7916666666666666 0.4934895833333333 0.78515625
3 0.50390625 0.5104166666666666 0.5065104166666666 0.5260416666666666 0.50390625 0.53515625 0.5 0.53515625 0.4973958333333333 0.53125 0.4973958333333333 0.5182291666666666 0.5 0.51171875 0.5026041666666666 0.5104166666666666
3 0.5013020833333334 0.4283854166666667 0.50390625 0.4322916666666667 0.5026041666666666 0.4479166666666667 0.5052083333333334 0.44921875 0.5052083333333334 0.4609375 0.5013020833333334 0.4713541666666667 0.4986979166666667 0.4713541666666667 0.5013020833333334 0.45703125 0.5013020833333334 0.4479166666666667 0.4986979166666667 0.44140625 0.5013020833333334 0.4296875
3 0.5013020833333334 0.4283854166666667 0.5052083333333334 0.4322916666666667 0.5013020833333334 0.4453125 0.5013020833333334 0.4296875
3 0.5 0.4791666666666667 0.50390625 0.484375 0.5013020833333334 0.4973958333333333 0.4973958333333333 0.4934895833333333 0.5 0.48046875
3 0.4986979166666667 0.74609375 0.5013020833333334 0.75 0.5013020833333334 0.7552083333333334 0.4986979166666667 0.7565104166666666 0.4947916666666667 0.7565104166666666 0.4895833333333333 0.7513020833333334 0.4921875 0.74609375 0.4973958333333333 0.74609375
3 0.501953125 0.4609375 0.005208333333333333 0.054036458333333336
3 0.5026041666666666 0.6354166666666666 0.5026041666666666 0.6419270833333334 0.4947916666666667 0.640625 0.4973958333333333 0.6354166666666666 0.5013020833333334 0.6354166666666666
3 0.5065104166666666 0.6236979166666666 0.5091145833333334 0.6263020833333334 0.5065104166666666 0.6302083333333334 0.5026041666666666 0.62890625 0.5026041666666666 0.625 0.5052083333333334 0.6236979166666666
3 0.5052083333333334 0.46875 0.5052083333333334 0.4739583333333333 0.5026041666666666 0.4752604166666667 0.5 0.4739583333333333 0.5 0.46875 0.50390625 0.46875
3 0.5052083333333334 0.51171875 0.5052083333333334 0.5208333333333334 0.5026041666666666 0.5260416666666666 0.4986979166666667 0.5208333333333334 0.4986979166666667 0.5130208333333334 0.5013020833333334 0.5104166666666666 0.50390625 0.51171875
3 0.4973958333333333 0.5533854166666666 0.4986979166666667 0.546875 0.5013020833333334 0.5442708333333334 0.5052083333333334 0.5442708333333334 0.5052083333333334 0.5598958333333334 0.4986979166666667 0.5546875
3 0.5052083333333334 0.5208333333333334 0.5052083333333334 0.5377604166666666 0.5013020833333334 0.5338541666666666 0.5013020833333334 0.5221354166666666 0.50390625 0.5208333333333334
3 0.5013020833333334 0.5846354166666666 0.5013020833333334 0.5911458333333334 0.49609375 0.5885416666666666 0.5 0.5846354166666666
3 0.5 0.4348958333333333 0.5013020833333334 0.4309895833333333 0.5052083333333334 0.4296875 0.5052083333333334 0.4401041666666667 0.5013020833333334 0.44140625 0.5013020833333334 0.4361979166666667
3 0.5026041666666666 0.4674479166666667 0.5052083333333334 0.46875 0.5052083333333334 0.4713541666666667 0.5013020833333334 0.47265625 0.5013020833333334 0.46875
3 0.49609375 0.6223958333333334 0.5 0.6197916666666666 0.4973958333333333 0.61328125 0.5026041666666666 0.6119791666666666 0.5026041666666666 0.6223958333333334 0.4973958333333333 0.6236979166666666
3 0.5013020833333334 0.4778645833333333 0.5052083333333334 0.48046875 0.5052083333333334 0.4908854166666667 0.5013020833333334 0.49609375 0.4986979166666667 0.4921875 0.5013020833333334 0.4791666666666667
3 0.4973958333333333 0.5325520833333334 0.5013020833333334 0.5325520833333334 0.5052083333333334 0.5364583333333334 0.5052083333333334 0.5494791666666666 0.4986979166666667 0.5533854166666666 0.49609375 0.5416666666666666 0.4973958333333333 0.5338541666666666
3 0.5013020833333334 0.4283854166666667 0.50390625 0.4375 0.50390625 0.4596354166666667 0.5026041666666666 0.4622395833333333 0.4986979166666667 0.4609375 0.4973958333333333 0.4505208333333333 0.5013020833333334 0.4296875
3 0.4986979166666667 0.7044270833333334 0.4986979166666667 0.69921875 0.5013020833333334 0.6953125 0.5052083333333334 0.6953125 0.5065104166666666 0.69921875 0.5013020833333334 0.7057291666666666 0.5 0.7044270833333334
3 0.5013020833333334 0.4296875 0.5052083333333334 0.4388020833333333 0.5052083333333334 0.4622395833333333 0.5013020833333334 0.4674479166666667 0.4986979166666667 0.46484375 0.4986979166666667 0.4427083333333333 0.5013020833333334 0.4309895833333333
3 0.5221354166666666 0.3567708333333333 0.5234375 0.3619791666666667 0.5143229166666666 0.3736979166666667 0.5143229166666666 0.3802083333333333 0.5091145833333334 0.390625 0.5065104166666666 0.3919270833333333 0.5052083333333334 0.4010416666666667 0.5052083333333334 0.4635416666666667 0.5091145833333334 0.4700520833333333 0.5091145833333334 0.4778645833333333 0.5052083333333334 0.4895833333333333 0.5052083333333334 0.5572916666666666 0.5078125 0.5611979166666666 0.5091145833333334 0.5846354166666666 0.5052083333333334 0.5885416666666666 0.5091145833333334 0.5963541666666666 0.5065104166666666 0.5989583333333334 0.5078125 0.61328125 0.50390625 0.6171875 0.5091145833333334 0.625 0.5091145833333334 0.6302083333333334 0.5065104166666666 0.6341145833333334 0.5091145833333334 0.63671875 0.5104166666666666 0.6497395833333334 0.50390625 0.66015625 0.50390625 0.6653645833333334 0.5078125 0.6692708333333334 0.5091145833333334 0.6744791666666666 0.5026041666666666 0.6783854166666666 0.4986979166666667 0.6927083333333334 0.5065104166666666 0.6966145833333334 0.5052083333333334 0.703125 0.5013020833333334 0.7083333333333334 0.5 0.7239583333333334 0.5065104166666666 0.7278645833333334 0.5078125 0.734375 0.5 0.7408854166666666 0.5 0.7552083333333334 0.4973958333333333 0.7565104166666666 0.4908854166666667 0.7513020833333334 0.4986979166666667 0.7434895833333334 0.49609375 0.7369791666666666 0.4986979166666667 0.7265625 0.4908854166666667 0.71875 0.4908854166666667 0.7122395833333334 0.49609375 0.7096354166666666 0.49609375 0.7018229166666666 0.4986979166666667 0.69921875 0.4934895833333333 0.6888020833333334 0.4934895833333333 0.68359375 0.4986979166666667 0.6783854166666666 0.4986979166666667 0.6705729166666666 0.4947916666666667 0.6653645833333334 0.4934895833333333 0.6588541666666666 0.5 0.6536458333333334 0.4973958333333333 0.6510416666666666 0.5 0.6471354166666666 0.49609375 0.6419270833333334 0.49609375 0.6328125 0.4986979166666667 0.6263020833333334 0.4947916666666667 0.62109375 0.4947916666666667 0.6171875 0.4986979166666667 0.6119791666666666 0.49609375 0.60546875 0.4986979166666667 0.5989583333333334 0.4986979166666667 0.59375 0.49609375 0.58984375 0.4986979166666667 0.5807291666666666 0.49609375 0.578125 0.49609375 0.57421875 0.4986979166666667 0.5690104166666666 0.4947916666666667 0.5481770833333334 0.4973958333333333 0.5299479166666666 0.49609375 0.4895833333333333 0.4986979166666667 0.4856770833333333 0.4986979166666667 0.4609375 0.49609375 0.4466145833333333 0.4986979166666667 0.4427083333333333 0.5 0.4010416666666667 0.5078125 0.3854166666666667 0.5104166666666666 0.3736979166666667 0.5182291666666666 0.3671875 0.5221354166666666 0.3580729166666667
3 0.5013020833333334 0.4544270833333333 0.50390625 0.4583333333333333 0.5 0.4661458333333333 0.4986979166666667 0.4635416666666667 0.5013020833333334 0.4557291666666667
3 0.5052083333333334 0.5911458333333334 0.5091145833333334 0.5950520833333334 0.5052083333333334 0.59765625 0.5026041666666666 0.5950520833333334 0.50390625 0.5924479166666666
3 0.5026041666666666 0.4791666666666667 0.5052083333333334 0.4817708333333333 0.5052083333333334 0.4908854166666667 0.5026041666666666 0.49609375 0.4986979166666667 0.4921875 0.5013020833333334 0.48046875
3 0.4986979166666667 0.5234375 0.50390625 0.5286458333333334 0.5013020833333334 0.5416666666666666 0.4986979166666667 0.5442708333333334 0.49609375 0.5377604166666666 0.4973958333333333 0.5247395833333334
3 0.5026041666666666 0.8072916666666666 0.5091145833333334 0.8059895833333334 0.51171875 0.80859375 0.51171875 0.8125 0.5052083333333334 0.8216145833333334 0.4973958333333333 0.8203125 0.5026041666666666 0.80859375
3 0.4986979166666667 0.4479166666666667 0.5026041666666666 0.4544270833333333 0.5026041666666666 0.4609375 0.4986979166666667 0.4596354166666667 0.4973958333333333 0.44921875
3 0.5013020833333334 0.4348958333333333 0.5026041666666666 0.4270833333333333 0.5052083333333334 0.4283854166666667 0.5052083333333334 0.43359375 0.5026041666666666 0.4348958333333333
3 0.5013020833333334 0.61328125 0.5091145833333334 0.6276041666666666 0.5013020833333334 0.6302083333333334 0.4973958333333333 0.6263020833333334 0.49609375 0.6223958333333334 0.5 0.6197916666666666 0.5 0.6145833333333334
3 0.5013020833333334 0.48046875 0.5052083333333334 0.484375 0.5026041666666666 0.4908854166666667 0.5 0.4921875 0.4986979166666667 0.4856770833333333 0.5013020833333334 0.4817708333333333
3 0.4986979166666667 0.6744791666666666 0.5026041666666666 0.66796875 0.5065104166666666 0.66796875 0.5078125 0.6744791666666666 0.5 0.67578125
3 0.4986979166666667 0.4856770833333333 0.5013020833333334 0.4869791666666667 0.5013020833333334 0.5065104166666666 0.4986979166666667 0.5078125 0.4947916666666667 0.5013020833333334 0.4973958333333333 0.4869791666666667
3 0.501953125 0.732421875 0.011067708333333334 0.013020833333333334
3 0.5013020833333334 0.49609375 0.4986979166666667 0.4921875 0.4986979166666667 0.48828125 0.5026041666666666 0.4856770833333333 0.5013020833333334 0.4947916666666667
3 0.5052083333333334 0.4791666666666667 0.5052083333333334 0.48828125 0.5026041666666666 0.4869791666666667 0.50390625 0.48046875
3 0.5 0.5638020833333334 0.5052083333333334 0.5572916666666666 0.5078125 0.5703125 0.5052083333333334 0.5729166666666666 0.5013020833333334 0.5651041666666666
3 0.5078125 0.64453125 0.5091145833333334 0.6510416666666666 0.5065104166666666 0.65234375 0.5026041666666666 0.6510416666666666 0.5026041666666666 0.6471354166666666 0.5065104166666666 0.64453125
3 0.5052083333333334 0.46875 0.5052083333333334 0.4791666666666667 0.5026041666666666 0.4752604166666667 0.50390625 0.4700520833333333
3 0.5013020833333334 0.65625 0.5013020833333334 0.6640625 0.4947916666666667 0.6627604166666666 0.4947916666666667 0.6575520833333334 0.5 0.65625
3 0.4986979166666667 0.4453125 0.5013020833333334 0.44921875 0.5013020833333334 0.45703125 0.4947916666666667 0.4505208333333333 0.4973958333333333 0.4466145833333333
3 0.4947916666666667 0.9583333333333334 0.4986979166666667 0.9622395833333334 0.5013020833333334 0.9791666666666666 0.49609375 0.9856770833333334 0.48828125 0.98828125 0.4830729166666667 0.9830729166666666 0.4817708333333333 0.97265625 0.4869791666666667 0.9622395833333334 0.4934895833333333 0.9583333333333334
3 0.5013020833333334 0.5104166666666666 0.5013020833333334 0.5221354166666666 0.5052083333333334 0.52734375 0.5052083333333334 0.5325520833333334 0.5013020833333334 0.5377604166666666 0.49609375 0.53515625 0.49609375 0.5143229166666666 0.5 0.5104166666666666
3 0.4986979166666667 0.8333333333333334 0.5013020833333334 0.8346354166666666 0.50390625 0.84375 0.5013020833333334 0.8502604166666666 0.4973958333333333 0.8502604166666666 0.4908854166666667 0.8424479166666666 0.4908854166666667 0.8372395833333334 0.4973958333333333 0.8333333333333334
3 0.5013020833333334 0.4283854166666667 0.5052083333333334 0.4322916666666667 0.5052083333333334 0.44140625 0.5026041666666666 0.4453125 0.5052083333333334 0.4505208333333333 0.5026041666666666 0.4544270833333333 0.5026041666666666 0.44921875 0.5 0.4453125 0.5013020833333334 0.4296875