3 0.296875 0.6419270833333334 0.3020833333333333 0.6458333333333334 0.30078125 0.6510416666666666 0.29296875 0.6510416666666666 0.2890625 0.6484375 0.2877604166666667 0.64453125 0.2955729166666667 0.6419270833333334
3 0.22786458333333334 0.7135416666666666 0.23697916666666666 0.7096354166666666 0.24479166666666666 0.7109375 0.24739583333333334 0.7135416666666666 0.24609375 0.71875 0.24348958333333334 0.7200520833333334 0.234375 0.7200520833333334 0.22916666666666666 0.7174479166666666 0.22916666666666666 0.71484375
3 0.02734375 0.7044270833333334 0.028645833333333332 0.7096354166666666 0.026041666666666668 0.7122395833333334 0.014322916666666666 0.71484375 0.009114583333333334 0.7135416666666666 0.01171875 0.7083333333333334 0.015625 0.7057291666666666 0.026041666666666668 0.7044270833333334
3 0.16145833333333334 0.7630208333333334 0.16536458333333334 0.7669270833333334 0.15625 0.7747395833333334 0.13932291666666666 0.7747395833333334 0.13541666666666666 0.7721354166666666 0.13802083333333334 0.7682291666666666 0.14713541666666666 0.7643229166666666 0.16015625 0.7630208333333334
3 0.08984375 0.7903645833333334 0.09635416666666667 0.79296875 0.09895833333333333 0.7981770833333334 0.08854166666666667 0.8033854166666666 0.07291666666666667 0.80078125 0.0625 0.8046875 0.05078125 0.8046875 0.048177083333333336 0.8033854166666666 0.048177083333333336 0.7994791666666666 0.0625 0.79296875 0.08854166666666667 0.7903645833333334
3 0.2513020833333333 0.6484375 0.26171875 0.6497395833333334 0.2682291666666667 0.65234375 0.26953125 0.6549479166666666 0.2682291666666667 0.66015625 0.26171875 0.6614583333333334 0.2513020833333333 0.65625 0.2513020833333333 0.6497395833333334
3 0.20182291666666666 0.6080729166666666 0.203125 0.61328125 0.1953125 0.6158854166666666 0.18880208333333334 0.6158854166666666 0.18489583333333334 0.6106770833333334 0.19010416666666666 0.6067708333333334 0.20052083333333334 0.6080729166666666
3 0.13020833333333334 0.6341145833333334 0.13541666666666666 0.63671875 0.13411458333333334 0.640625 0.13020833333333334 0.6432291666666666 0.12239583333333333 0.6432291666666666 0.11979166666666667 0.6380208333333334 0.12890625 0.6354166666666666
3 0.13932291666666666 0.6549479166666666 0.140625 0.6588541666666666 0.1328125 0.6627604166666666 0.12239583333333333 0.6627604166666666 0.11979166666666667 0.6614583333333334 0.11979166666666667 0.6588541666666666 0.13020833333333334 0.6536458333333334 0.13802083333333334 0.6549479166666666
3 0.19010416666666666 0.7369791666666666 0.20052083333333334 0.7369791666666666 0.20052083333333334 0.7408854166666666 0.19791666666666666 0.7434895833333334 0.19010416666666666 0.7434895833333334 0.19010416666666666 0.73828125
3 0.015625 0.6966145833333334 0.01953125 0.69140625 0.03125 0.69140625 0.033854166666666664 0.6927083333333334 0.033854166666666664 0.6966145833333334 0.02734375 0.69921875 0.020833333333333332 0.69921875 0.016927083333333332 0.6966145833333334
3 0.052083333333333336 0.8528645833333334 0.0546875 0.8541666666666666 0.0546875 0.859375 0.01953125 0.8697916666666666 0.010416666666666666 0.8671875 0.010416666666666666 0.8606770833333334 0.014322916666666666 0.8580729166666666 0.036458333333333336 0.8528645833333334 0.05078125 0.8528645833333334
3 0.13151041666666666 0.7994791666666666 0.140625 0.8033854166666666 0.140625 0.8072916666666666 0.13671875 0.8111979166666666 0.109375 0.8151041666666666 0.09505208333333333 0.8138020833333334 0.09505208333333333 0.8072916666666666 0.09895833333333333 0.8033854166666666 0.11328125 0.7994791666666666 0.13020833333333334 0.7994791666666666
3 0.037109375 0.720703125 0.014322916666666666 0.0078125
3 0.19661458333333334 0.7630208333333334 0.2109375 0.765625 0.21354166666666666 0.7708333333333334 0.2109375 0.7734375 0.18489583333333334 0.7786458333333334 0.17317708333333334 0.7760416666666666 0.16927083333333334 0.7721354166666666 0.1796875 0.765625 0.1953125 0.7630208333333334
3 0.2682291666666667 0.6119791666666666 0.2682291666666667 0.6158854166666666 0.2604166666666667 0.6184895833333334 0.25390625 0.6171875 0.25390625 0.61328125 0.2591145833333333 0.6106770833333334 0.2669270833333333 0.6119791666666666
3 0.05859375 0.6927083333333334 0.06510416666666667 0.6901041666666666 0.07682291666666667 0.6901041666666666 0.07942708333333333 0.6927083333333334 0.07942708333333333 0.6966145833333334 0.07552083333333333 0.69921875 0.059895833333333336 0.6979166666666666 0.057291666666666664 0.6966145833333334 0.05859375 0.6940104166666666
3 0.17708333333333334 0.7096354166666666 0.1796875 0.7057291666666666 0.19921875 0.7057291666666666 0.19921875 0.7096354166666666 0.1953125 0.7135416666666666 0.17838541666666666 0.7109375
3 0 0.8072916666666666 0.01171875 0.8072916666666666 0.01953125 0.8111979166666666 0.013020833333333334 0.8151041666666666 0 0.8151041666666666 0 0.80859375
3 0.11458333333333333 0.671875 0.11588541666666667 0.67578125 0.109375 0.6809895833333334 0.10286458333333333 0.6809895833333334 0.10026041666666667 0.6770833333333334 0.10286458333333333 0.6744791666666666 0.11328125 0.671875
3 0.12109375 0.7799479166666666 0.12109375 0.7838541666666666 0.11328125 0.7877604166666666 0.10026041666666667 0.7877604166666666 0.09895833333333333 0.78515625 0.11197916666666667 0.7786458333333334 0.11979166666666667 0.7799479166666666
3 0.171875 0.8020833333333334 0.17578125 0.8046875 0.17578125 0.8072916666666666 0.16796875 0.8111979166666666 0.15494791666666666 0.8098958333333334 0.15494791666666666 0.8059895833333334 0.1640625 0.8020833333333334 0.17057291666666666 0.8020833333333334
3 0.3072916666666667 0.6223958333333334 0.3125 0.6263020833333334 0.3111979166666667 0.6328125 0.3072916666666667 0.6341145833333334 0.2994791666666667 0.6315104166666666 0.2994791666666667 0.6276041666666666 0.3059895833333333 0.6236979166666666
3 0.16861979166666666 0.6471354166666666 0.01171875 0.009765625
3 0.25390625 0.59765625 0.2552083333333333 0.5989583333333334 0.24739583333333334 0.6041666666666666 0.23697916666666666 0.6041666666666666 0.23828125 0.5989583333333334 0.2526041666666667 0.59765625
3 0.25390625 0.6341145833333334 0.2526041666666667 0.6393229166666666 0.24479166666666666 0.6432291666666666 0.234375 0.63671875 0.23958333333333334 0.6328125 0.2526041666666667 0.6341145833333334
3 0.10416666666666667 0.6901041666666666 0.10677083333333333 0.6953125 0.09895833333333333 0.7005208333333334 0.0859375 0.7005208333333334 0.08463541666666667 0.6966145833333334 0.09375 0.6901041666666666 0.10286458333333333 0.6901041666666666
3 0.006510416666666667 0.7994791666666666 0.009114583333333334 0.7955729166666666 0.016927083333333332 0.7916666666666666 0.029947916666666668 0.7877604166666666 0.0390625 0.7877604166666666 0.044270833333333336 0.79296875 0.0390625 0.7981770833333334 0.0078125 0.80078125
3 0.053385416666666664 0.6627604166666666 0.0546875 0.6692708333333334 0.044270833333333336 0.6731770833333334 0.036458333333333336 0.6705729166666666 0.03515625 0.6666666666666666 0.044270833333333336 0.6614583333333334 0.052083333333333336 0.6627604166666666
3 0.234375 0.7252604166666666 0.23958333333333334 0.7265625 0.24088541666666666 0.7317708333333334 0.22526041666666666 0.7447916666666666 0.21484375 0.7434895833333334 0.21484375 0.7291666666666666 0.22265625 0.7265625 0.23307291666666666 0.7265625
3 0 0.8854166666666666 0.009114583333333334 0.8854166666666666 0.014322916666666666 0.8880208333333334 0.014322916666666666 0.89453125 0.01171875 0.8971354166666666 0 0.9010416666666666 0 0.88671875
3 0.3072916666666667 0.6575520833333334 0.3072916666666667 0.6627604166666666 0.30078125 0.6731770833333334 0.2890625 0.671875 0.2877604166666667 0.6653645833333334 0.2890625 0.6614583333333334 0.296875 0.6575520833333334 0.3059895833333333 0.6575520833333334
3 0.17447916666666666 0.63671875 0.18229166666666666 0.6302083333333334 0.19401041666666666 0.6302083333333334 0.1953125 0.6341145833333334 0.18619791666666666 0.640625 0.18098958333333334 0.640625 0.17578125 0.63671875
3 0.21875 0.7825520833333334 0.21875 0.7877604166666666 0.21354166666666666 0.7903645833333334 0.19140625 0.7903645833333334 0.19140625 0.7864583333333334 0.20442708333333334 0.78125 0.21744791666666666 0.7825520833333334
3 0.078125 0.6471354166666666 0.08333333333333333 0.64453125 0.10026041666666667 0.64453125 0.09895833333333333 0.6497395833333334 0.09114583333333333 0.65234375 0.08072916666666667 0.65234375 0.078125 0.6510416666666666 0.078125 0.6484375
3 0.2799479166666667 0.6236979166666666 0.28125 0.62890625 0.2786458333333333 0.6315104166666666 0.26953125 0.6302083333333334 0.2708333333333333 0.6236979166666666 0.2786458333333333 0.6236979166666666
3 0.2740885416666667 0.6438802083333334 0.022135416666666668 0.012369791666666666
3 0.16796875 0.7135416666666666 0.17317708333333334 0.7161458333333334 0.17838541666666666 0.72265625 0.1796875 0.7278645833333334 0.17578125 0.7330729166666666 0.15494791666666666 0.7278645833333334 0.14973958333333334 0.7200520833333334 0.15494791666666666 0.71484375 0.16666666666666666 0.7135416666666666
3 0.23567708333333334 0.62109375 0.23828125 0.6263020833333334 0.23307291666666666 0.62890625 0.22526041666666666 0.62890625 0.22395833333333334 0.6236979166666666 0.22786458333333334 0.62109375 0.234375 0.62109375
3 0.16015625 0.6263020833333334 0.16145833333333334 0.6302083333333334 0.15364583333333334 0.6341145833333334 0.14583333333333334 0.6341145833333334 0.14322916666666666 0.6302083333333334 0.15104166666666666 0.625 0.15885416666666666 0.6263020833333334
1 0.6510416666666666 0.3854166666666667 0.6575520833333334 0.3880208333333333 0.6640625 0.3958333333333333 0.6705729166666666 0.4140625 0.6705729166666666 0.421875 0.6744791666666666 0.42578125 0.6888020833333334 0.421875 0.703125 0.4283854166666667 0.703125 0.4557291666666667 0.7083333333333334 0.4739583333333333 0.7083333333333334 0.4895833333333333 0.7057291666666666 0.5 0.6953125 0.5104166666666666 0.6927083333333334 0.5104166666666666 0.6848958333333334 0.5182291666666666 0.6822916666666666 0.5182291666666666 0.6497395833333334 0.5416666666666666 0.6380208333333334 0.546875 0.6380208333333334 0.6015625 0.6341145833333334 0.62109375 0.6302083333333334 0.6236979166666666 0.62890625 0.6197916666666666 0.62890625 0.5963541666666666 0.625 0.5911458333333334 0.6197916666666666 0.5911458333333334 0.6119791666666666 0.59375 0.6067708333333334 0.5989583333333334 0.6041666666666666 0.609375 0.6015625 0.6119791666666666 0.59765625 0.6119791666666666 0.59375 0.6197916666666666 0.5885416666666666 0.6184895833333334 0.5846354166666666 0.6223958333333334 0.5677083333333334 0.6171875 0.5625 0.62890625 0.5638020833333334 0.6341145833333334 0.5546875 0.63671875 0.5403645833333334 0.63671875 0.5325520833333334 0.6354166666666666 0.5260416666666666 0.6315104166666666 0.5169270833333334 0.6315104166666666 0.5091145833333334 0.6354166666666666 0.5026041666666666 0.6354166666666666 0.4895833333333333 0.6432291666666666 0.484375 0.6432291666666666 0.4674479166666667 0.6510416666666666 0.4609375 0.6510416666666666 0.4401041666666667 0.6588541666666666 0.4244791666666667 0.66015625 0.3841145833333333 0.6588541666666666 0.3697916666666667 0.6510416666666666 0.36328125 0.6497395833333334 0.3541666666666667 0.6419270833333334 0.3515625 0.6354166666666666 0.3463541666666667 0.60546875 0.3346354166666667 0.5950520833333334 0.3359375 0.5611979166666666 0.3450520833333333 0.5559895833333334 0.3502604166666667 0.5559895833333334 0.3541666666666667 0.5520833333333334 0.3541666666666667 0.5455729166666666 0.3489583333333333 0.5338541666666666 0.3489583333333333 0.5065104166666666 0.359375 0.4817708333333333 0.3684895833333333 0.4739583333333333 0.390625 0.4739583333333333 0.3997395833333333 0.4817708333333333 0.40234375 0.48828125 0.4049479166666667 0.4895833333333333 0.4114583333333333 0.5065104166666666 0.4283854166666667 0.50390625 0.4453125 0.4973958333333333 0.45703125 0.4817708333333333 0.47265625 0.4752604166666667 0.4817708333333333 0.4765625 0.4895833333333333 0.4739583333333333 0.5247395833333334 0.453125 0.5221354166666666 0.44140625 0.5234375 0.4114583333333333 0.5299479166666666 0.3971354166666667 0.5377604166666666 0.390625 0.54296875 0.3880208333333333 0.55078125 0.3880208333333333 0.55859375 0.3932291666666667 0.5638020833333334 0.3984375 0.5716145833333334 0.4192708333333333 0.5833333333333334 0.4192708333333333 0.5911458333333334 0.4153645833333333 0.6028645833333334 0.4192708333333333 0.6158854166666666 0.4192708333333333 0.6223958333333334 0.41015625 0.625 0.3997395833333333 0.6328125 0.3893229166666667 0.640625 0.3854166666666667 0.6497395833333334 0.3854166666666667