3 0.9934895833333334 0.029947916666666668 0.9986979166666666 0.028645833333333332 0.9986979166666666 0.037760416666666664 0.9934895833333334 0.037760416666666664 0.9908854166666666 0.03515625 0.9934895833333334 0.03125
3 0.734375 0.22395833333333334 0.734375 0.22005208333333334 0.7447916666666666 0.21354166666666666 0.7513020833333334 0.21354166666666666 0.7578125 0.22005208333333334 0.74609375 0.2265625 0.7395833333333334 0.2265625 0.7356770833333334 0.22395833333333334
3 0.6966145833333334 0.3046875 0.6953125 0.30078125 0.7018229166666666 0.2955729166666667 0.7109375 0.2955729166666667 0.7109375 0.3020833333333333 0.7083333333333334 0.3046875 0.6979166666666666 0.3046875
3 0.9401041666666666 0.09895833333333333 0.9466145833333334 0.09505208333333333 0.9635416666666666 0.09505208333333333 0.9622395833333334 0.10026041666666667 0.95703125 0.10416666666666667 0.9440104166666666 0.10416666666666667 0.9388020833333334 0.10286458333333333 0.9401041666666666 0.10026041666666667
3 0.9270833333333334 0.040364583333333336 0.93359375 0.036458333333333336 0.9427083333333334 0.036458333333333336 0.9427083333333334 0.044270833333333336 0.9401041666666666 0.045572916666666664 0.9283854166666666 0.048177083333333336 0.92578125 0.045572916666666664 0.9270833333333334 0.041666666666666664
3 0.8307291666666666 0.11848958333333333 0.8307291666666666 0.12760416666666666 0.82421875 0.13151041666666666 0.8190104166666666 0.13020833333333334 0.8177083333333334 0.12760416666666666 0.8255208333333334 0.11848958333333333 0.8294270833333334 0.11848958333333333
3 0.9192708333333334 0.061197916666666664 0.9192708333333334 0.06640625 0.9140625 0.07291666666666667 0.90625 0.07291666666666667 0.90625 0.06770833333333333 0.9114583333333334 0.0625 0.91796875 0.061197916666666664
3 0.83984375 0.16666666666666666 0.8411458333333334 0.171875 0.83203125 0.17838541666666666 0.8229166666666666 0.17838541666666666 0.8216145833333334 0.17317708333333334 0.83203125 0.16666666666666666 0.8385416666666666 0.16666666666666666
3 0.9427083333333334 0.044270833333333336 0.9427083333333334 0.05078125 0.9375 0.0546875 0.9283854166666666 0.0546875 0.9283854166666666 0.05078125 0.94140625 0.045572916666666664
3 0.8645833333333334 0.091796875 0.016276041666666668 0.014973958333333334
3 0.9791666666666666 0.015625 0.9739583333333334 0.026041666666666668 0.9674479166666666 0.02734375 0.9635416666666666 0.02734375 0.9596354166666666 0.022135416666666668 0.9661458333333334 0.016927083333333332 0.9778645833333334 0.015625
3 0.9778645833333334 0.109375 0.9791666666666666 0.11458333333333333 0.96875 0.12239583333333333 0.9635416666666666 0.12109375 0.9635416666666666 0.1171875 0.9700520833333334 0.11067708333333333 0.9765625 0.109375
3 0.984375 0.07682291666666667 0.98828125 0.08463541666666667 0.9869791666666666 0.08723958333333333 0.96875 0.09635416666666667 0.9661458333333334 0.09635416666666667 0.9635416666666666 0.09244791666666667 0.9661458333333334 0.08463541666666667 0.97265625 0.078125 0.9830729166666666 0.07682291666666667
3 0.9986979166666666 0.0546875 0.9986979166666666 0.061197916666666664 0.98828125 0.059895833333333336 0.98828125 0.055989583333333336 0.9973958333333334 0.0546875
3 0.9388020833333334 0.1328125 0.9466145833333334 0.13151041666666666 0.9518229166666666 0.1328125 0.953125 0.13541666666666666 0.9518229166666666 0.140625 0.94140625 0.14192708333333334 0.9388020833333334 0.140625 0.9388020833333334 0.13411458333333334
3 0.8268229166666666 0.10807291666666667 0.8385416666666666 0.1015625 0.8450520833333334 0.1015625 0.8450520833333334 0.10677083333333333 0.8372395833333334 0.11328125 0.8307291666666666 0.11458333333333333 0.8268229166666666 0.109375
3 0.7890625 0.15104166666666666 0.7890625 0.14583333333333334 0.7994791666666666 0.140625 0.8033854166666666 0.140625 0.8033854166666666 0.14713541666666666 0.7981770833333334 0.15104166666666666 0.7903645833333334 0.15104166666666666
3 0.994140625 0.017578125 0.01171875 0.011067708333333334
3 0.9700520833333334 0.059895833333333336 0.9752604166666666 0.06380208333333333 0.9739583333333334 0.07161458333333333 0.9713541666666666 0.07291666666666667 0.9661458333333334 0.07291666666666667 0.9609375 0.06640625 0.94921875 0.06380208333333333 0.9518229166666666 0.059895833333333336 0.96875 0.059895833333333336
3 0.7252604166666666 0.2630208333333333 0.7265625 0.2682291666666667 0.7239583333333334 0.2708333333333333 0.7174479166666666 0.2708333333333333 0.71484375 0.2682291666666667 0.71875 0.26171875 0.7239583333333334 0.2630208333333333
3 0.7734375 0.18619791666666666 0.7747395833333334 0.1796875 0.78125 0.17317708333333334 0.78515625 0.17317708333333334 0.7877604166666666 0.17578125 0.7877604166666666 0.18229166666666666 0.7825520833333334 0.18619791666666666 0.7747395833333334 0.18619791666666666
3 0.9609375 0.032552083333333336 0.96484375 0.026041666666666668 0.9700520833333334 0.024739583333333332 0.9739583333333334 0.024739583333333332 0.9739583333333334 0.029947916666666668 0.9674479166666666 0.033854166666666664 0.9622395833333334 0.032552083333333336
3 0.9947916666666666 0.04296875 0.9973958333333334 0.044270833333333336 0.9973958333333334 0.05078125 0.9908854166666666 0.0546875 0.9856770833333334 0.0546875 0.9830729166666666 0.052083333333333336 0.9856770833333334 0.046875 0.9934895833333334 0.044270833333333336
3 0.88671875 0.140625 0.890625 0.13541666666666666 0.8984375 0.13151041666666666 0.9049479166666666 0.13151041666666666 0.9075520833333334 0.13411458333333334 0.90234375 0.140625 0.89453125 0.14322916666666666 0.8880208333333334 0.14192708333333334
3 0.9986979166666666 0.01171875 0.9986979166666666 0.022135416666666668 0.9895833333333334 0.020833333333333332 0.9895833333333334 0.016927083333333332 0.9973958333333334 0.013020833333333334
3 0.7018229166666666 0.2825520833333333 0.7083333333333334 0.2786458333333333 0.7161458333333334 0.28125 0.7161458333333334 0.2877604166666667 0.7135416666666666 0.2903645833333333 0.7044270833333334 0.2903645833333333 0.7018229166666666 0.2877604166666667 0.7018229166666666 0.2838541666666667
3 0.8014322916666666 0.16080729166666666 0.013671875 0.013671875
3 0.87890625 0.15755208333333334 0.87890625 0.15364583333333334 0.8841145833333334 0.1484375 0.8919270833333334 0.15104166666666666 0.8919270833333334 0.15494791666666666 0.8880208333333334 0.15755208333333334 0.8802083333333334 0.15755208333333334
3 0.8665364583333334 0.080078125 0.022135416666666668 0.013671875
3 0.9283854166666666 0.12239583333333333 0.9388020833333334 0.11067708333333333 0.9453125 0.109375 0.9479166666666666 0.11197916666666667 0.9466145833333334 0.11979166666666667 0.9401041666666666 0.12630208333333334 0.9296875 0.12760416666666666 0.9283854166666666 0.12369791666666667
3 0.9114583333333334 0.05078125 0.9153645833333334 0.052083333333333336 0.9140625 0.05859375 0.9075520833333334 0.0625 0.9010416666666666 0.0625 0.8984375 0.059895833333333336 0.9010416666666666 0.055989583333333336 0.91015625 0.052083333333333336
3 0.9283854166666666 0.044270833333333336 0.9388020833333334 0.040364583333333336 0.9427083333333334 0.040364583333333336 0.9440104166666666 0.04296875 0.9427083333333334 0.049479166666666664 0.9361979166666666 0.0546875 0.9283854166666666 0.053385416666666664 0.9283854166666666 0.045572916666666664
3 0.9765625 0.06380208333333333 0.9791666666666666 0.06640625 0.9791666666666666 0.0703125 0.9752604166666666 0.07291666666666667 0.9661458333333334 0.07161458333333333 0.9661458333333334 0.06510416666666667 0.9700520833333334 0.061197916666666664 0.9739583333333334 0.061197916666666664 0.9752604166666666 0.06380208333333333
3 0.7109375 0.23177083333333334 0.7109375 0.23697916666666666 0.7057291666666666 0.24088541666666666 0.6953125 0.24088541666666666 0.6927083333333334 0.23958333333333334 0.6927083333333334 0.23697916666666666 0.6940104166666666 0.234375 0.7005208333333334 0.23177083333333334 0.7096354166666666 0.23177083333333334
1 0.4947916666666667 0.4348958333333333 0.5455729166666666 0.44140625 0.55859375 0.4401041666666667 0.56640625 0.4453125 0.5950520833333334 0.4453125 0.6328125 0.45703125 0.6536458333333334 0.4596354166666667 0.67578125 0.4674479166666667 0.6809895833333334 0.4791666666666667 0.6927083333333334 0.4869791666666667 0.7005208333333334 0.4869791666666667 0.7083333333333334 0.4830729166666667 0.7239583333333334 0.48046875 0.7356770833333334 0.48046875 0.7395833333333334 0.4830729166666667 0.7447916666666666 0.4830729166666667 0.7486979166666666 0.484375 0.74609375 0.4895833333333333 0.7395833333333334 0.4934895833333333 0.7317708333333334 0.4934895833333333 0.73046875 0.4973958333333333 0.7330729166666666 0.5 0.7434895833333334 0.5 0.7526041666666666 0.50390625 0.7565104166666666 0.515625 0.7643229166666666 0.5208333333333334 0.7799479166666666 0.5182291666666666 0.8020833333333334 0.5078125 0.8125 0.5078125 0.8346354166666666 0.5 0.84765625 0.5013020833333334 0.8528645833333334 0.5091145833333334 0.85546875 0.5247395833333334 0.85546875 0.5546875 0.8580729166666666 0.5598958333333334 0.8619791666666666 0.5611979166666666 0.8619791666666666 0.5677083333333334 0.8541666666666666 0.5716145833333334 0.8502604166666666 0.5794270833333334 0.8502604166666666 0.5859375 0.85546875 0.5950520833333334 0.8528645833333334 0.6197916666666666 0.8463541666666666 0.625 0.8333333333333334 0.62890625 0.8255208333333334 0.6354166666666666 0.8138020833333334 0.63671875 0.8111979166666666 0.65234375 0.8033854166666666 0.6692708333333334 0.7890625 0.68359375 0.7838541666666666 0.6861979166666666 0.7317708333333334 0.6901041666666666 0.7265625 0.6861979166666666 0.7213541666666666 0.6770833333333334 0.7135416666666666 0.6770833333333334 0.703125 0.68359375 0.6549479166666666 0.6901041666666666 0.63671875 0.6705729166666666 0.6223958333333334 0.6705729166666666 0.6002604166666666 0.6861979166666666 0.5833333333333334 0.69140625 0.5703125 0.6927083333333334 0.5611979166666666 0.69140625 0.5520833333333334 0.6861979166666666 0.54296875 0.6888020833333334 0.5364583333333334 0.6861979166666666 0.52734375 0.6927083333333334 0.5234375 0.703125 0.5182291666666666 0.703125 0.50390625 0.71484375 0.5065104166666666 0.71875 0.51171875 0.7200520833333334 0.5091145833333334 0.7239583333333334 0.5 0.7252604166666666 0.4895833333333333 0.71875 0.4674479166666667 0.7135416666666666 0.453125 0.7174479166666666 0.4518229166666667 0.7265625 0.44921875 0.7291666666666666 0.44921875 0.734375 0.4427083333333333 0.7486979166666666 0.4283854166666667 0.7434895833333334 0.4270833333333333 0.74609375 0.41796875 0.7486979166666666 0.4088541666666667 0.7552083333333334 0.3971354166666667 0.7682291666666666 0.3854166666666667 0.7734375 0.3802083333333333 0.7734375 0.3776041666666667 0.7760416666666666 0.3658854166666667 0.7760416666666666 0.35546875 0.7877604166666666 0.34765625 0.7903645833333334 0.2916666666666667 0.7890625 0.2838541666666667 0.7864583333333334 0.2747395833333333 0.7877604166666666 0.2513020833333333 0.78515625 0.23828125 0.7799479166666666 0.2265625 0.7786458333333334 0.19791666666666666 0.7682291666666666 0.18619791666666666 0.7591145833333334 0.17057291666666666 0.7578125 0.16015625 0.7526041666666666 0.13802083333333334 0.734375 0.13020833333333334 0.7252604166666666 0.125 0.71484375 0.12239583333333333 0.7005208333333334 0.12239583333333333 0.6796875 0.125 0.67578125 0.125 0.6705729166666666 0.13541666666666666 0.6536458333333334 0.14192708333333334 0.6041666666666666 0.14713541666666666 0.5950520833333334 0.16276041666666666 0.5833333333333334 0.18619791666666666 0.5755208333333334 0.19791666666666666 0.5690104166666666 0.22135416666666666 0.5625 0.2265625 0.55859375 0.24739583333333334 0.5546875 0.2630208333333333 0.5481770833333334 0.2669270833333333 0.54296875 0.2565104166666667 0.5325520833333334 0.2565104166666667 0.51171875 0.26171875 0.4908854166666667 0.265625 0.48828125 0.2760416666666667 0.4908854166666667 0.2825520833333333 0.49609375 0.2825520833333333 0.51953125 0.2877604166666667 0.5234375 0.2981770833333333 0.5169270833333334 0.3111979166666667 0.5013020833333334 0.3359375 0.48046875 0.3619791666666667 0.4635416666666667 0.3763020833333333 0.45703125 0.3828125 0.45703125 0.40234375 0.44921875 0.4661458333333333 0.4348958333333333 0.4934895833333333 0.4348958333333333